128
128
162
160
157
158
157
155
155
158
158
160
161
162
162
160
160
163
169
173
172
165
160
151
138
115
91
86
87
91
93
90
89
92
95
98
99
100
100
100
97
97
98
97
96
99
99
99
101
106
107
107
107
109
108
108
106
104
103
106
105
103
102
101
103
101
101
97
98
100
101
103
102
99
93
88
83
78
77
79
81
84
85
80
79
79
74
72
65
58
56
56
53
51
51
48
47
48
45
51
63
109
136
134
130
112
64
38
34
35
30
31
31
31
34
40
40
37
35
38
56
89
89
76
58
49
56
54
50
48
161
160
156
156
156
155
156
158
158
159
160
160
160
161
165
171
174
169
164
156
146
128
102
86
85
90
92
92
91
90
90
93
96
98
101
99
101
98
99
97
95
96
98
98
98
103
103
105
104
105
107
108
107
106
105
106
104
106
104
102
102
100
102
103
102
97
97
98
99
103
101
93
91
89
79
75
75
77
78
81
81
78
78
75
72
70
61
58
58
57
53
51
51
48
51
50
48
53
60
87
128
140
144
133
114
80
58
55
42
39
37
34
34
33
33
33
33
32
62
88
94
107
95
69
61
57
54
53
162
160
157
156
156
157
159
159
159
162
160
160
161
167
171
168
162
156
149
135
112
89
82
88
90
91
93
92
90
88
92
93
98
100
100
99
100
98
99
96
95
94
97
97
98
100
102
101
104
103
105
106
103
104
106
103
104
101
100
101
99
99
102
105
101
96
95
98
98
101
96
89
86
81
76
75
77
76
75
78
78
78
77
80
72
69
67
62
62
60
57
54
50
50
48
47
45
45
52
67
103
136
152
151
146
144
137
127
119
110
108
98
86
76
66
65
52
48
64
89
107
116
100
88
73
58
52
49
159
156
155
156
157
159
158
159
161
162
163
166
170
169
163
157
150
139
119
95
82
84
90
93
92
92
92
92
90
89
94
96
98
100
100
100
99
97
97
97
95
96
96
98
99
98
96
98
102
101
101
103
102
102
102
101
102
100
99
99
97
100
101
102
100
94
93
95
94
93
89
83
82
81
76
72
74
72
73
72
74
75
75
76
73
69
69
67
65
63
58
51
45
47
47
47
44
39
45
54
78
112
139
151
164
169
171
169
165
167
165
163
157
151
146
142
139
138
133
130
140
137
122
113
98
89
90
77
158
155
156
156
157
158
158
159
161
164
169
169
165
159
151
140
124
99
81
82
84
88
88
88
90
91
91
90
88
90
93
96
98
98
99
100
100
99
99
97
95
94
98
99
101
102
101
100
99
101
100
99
100
100
98
101
99
99
96
98
98
99
100
100
98
93
88
90
90
87
85
81
78
75
73
69
68
66
63
64
67
68
69
67
63
65
64
62
62
60
56
57
65
74
73
62
52
49
47
56
72
94
116
143
158
163
169
172
172
174
172
173
173
172
167
169
178
177
178
176
174
172
166
160
158
177
188
183
156
154
155
155
156
156
157
160
164
168
166
158
152
144
131
109
85
74
78
82
84
86
86
85
85
87
89
87
84
83
86
89
95
94
96
97
99
99
96
97
96
96
102
104
103
108
108
105
103
103
101
96
94
92
91
93
94
92
90
91
92
93
94
90
87
82
79
78
77
78
74
67
64
63
63
60
56
54
50
50
55
64
73
68
65
70
68
69
78
80
80
89
103
105
100
90
87
79
69
62
62
72
82
103
121
135
143
138
142
147
150
156
158
158
158
163
171
174
182
185
184
178
180
176
186
206
202
200
155
154
154
153
154
155
158
165
168
167
162
155
146
135
121
108
104
106
109
109
109
109
108
106
106
105
109
105
103
101
103
102
104
104
108
111
111
109
107
108
108
112
114
114
118
118
118
117
116
115
111
108
103
100
99
99
98
100
97
96
96
96
94
93
91
84
80
78
77
76
71
64
65
63
62
60
58
54
49
47
56
74
89
97
99
94
91
93
100
100
95
92
102
104
102
109
101
84
73
56
49
45
47
49
52
58
52
48
51
58
69
72
77
89
101
103
116
131
141
149
159
156
158
159
172
201
201
198
154
154
154
155
159
160
165
169
168
166
160
153
144
137
137
140
140
137
137
139
140
139
138
138
135
135
136
136
136
134
133
132
133
133
135
136
134
133
133
136
137
137
137
137
140
140
139
140
139
138
135
134
133
131
130
131
131
129
128
130
130
128
128
127
128
123
123
122
121
121
118
114
112
114
111
110
111
109
106
106
113
124
132
136
137
133
133
135
137
134
131
126
127
128
129
132
125
118
113
90
80
78
75
75
72
62
56
57
52
48
48
48
52
56
59
61
59
63
67
80
90
95
99
110
120
144
165
161
156
155
155
161
165
166
167
168
168
165
160
154
152
152
156
158
159
157
158
158
156
157
156
154
153
153
153
154
153
153
151
152
151
152
151
154
155
155
155
157
157
157
156
156
157
159
158
156
156
157
157
156
156
153
153
153
154
153
152
152
155
153
153
152
152
151
152
152
151
153
151
151
150
150
149
150
148
148
147
147
147
153
155
157
156
155
157
158
157
156
156
150
145
145
146
147
150
149
144
135
131
132
132
132
134
135
134
133
132
131
127
125
125
122
119
116
112
109
110
108
107
107
106
107
109
110
112
113
162
161
164
167
167
165
166
164
163
161
161
162
163
164
165
167
167
168
168
167
166
167
166
164
163
163
162
162
163
163
163
164
164
164
162
164
166
168
168
169
168
168
168
169
170
171
171
170
168
169
170
169
169
168
168
167
167
168
168
169
168
167
168
168
168
168
171
170
169
169
169
167
167
168
168
165
165
165
166
167
165
165
166
165
166
165
167
169
170
168
167
165
163
164
165
165
165
165
163
163
161
162
163
163
165
165
164
165
166
166
167
166
164
163
161
159
157
157
156
155
154
153
150
148
147
148
147
149
167
169
170
169
167
165
162
159
159
158
160
161
161
162
165
166
165
166
167
168
167
168
167
168
166
166
165
164
165
164
167
167
168
167
167
169
171
173
173
172
171
172
172
172
173
172
171
171
171
172
171
172
173
173
172
172
172
173
173
174
173
175
174
175
176
175
177
178
178
177
177
177
176
176
176
174
174
173
173
174
172
172
169
169
169
170
171
174
