128
128
1 162
8484 177
5309 77
11140 158
10844 60
10674 198
12011 147
8486 173
6117 70
7102 36
3672 77
10405 187
14599 123
8945 137
15422 148
4984 134
2461 94
14061 215
6970 94
12073 204
56 104
13389 154
11586 47
10639 124
8228 181
6929 155
12087 46
12301 154
4145 192
10319 161
10831 130
622 174
1725 172
5782 117
4758 110
14742 53
13014 153
12358 47
12362 51
11157 154
10422 197
3362 109
9859 119
11930 42
12449 218
13058 214
12671 98
12292 154
12287 129
4367 124
10346 188
13662 149
15211 95
6021 133
9056 157
11643 210
2330 89
9857 121
15975 103
605 65
11540 129
14195 217
1877 164
9827 190
6483 64
15952 204
9424 143
239 37
10167 200
16237 102
5273 115
5675 140
12203 187
4438 128
6374 54
11698 169
14827 204
8933 140
3416 69
10854 221
6150 131
6384 84
11143 162
10216 186
507 122
13564 117
7354 97
2569 106
12733 51
214 70
661 84
9657 183
4778 108
7623 139
9092 129
5288 124
5061 101
2866 99
13067 146
12470 55
7583 180
1030 166
6458 52
13601 51
7949 158
1944 108
7503 127
10343 195
12411 100
12872 139
6580 89
15088 97
13879 148
6861 44
1227 168
7990 55
3086 105
5940 123
14194 211
15457 209
1492 173
2029 149
4135 153
4299 59
7325 186
3513 118
7512 126
8676 137
5906 129
1869 157
8272 151
5514 129
13050 86
1691 155
9222 127
1132 133
2373 94
12401 143
5204 62
9820 150
13555 146
10191 226
13611 50
1426 164
10640 123
14472 122
9631 202
13849 38
10897 148
11004 181
12595 49
10223 173
5434 75
11145 158
8579 129
11099 53
12682 155
4898 112
12392 150
707 79
11881 48
4960 90
2008 137
14149 159
9280 85
6532 132
4150 128
12369 47
6624 49
14059 177
6676 136
442 100
13387 154
7672 135
4942 73
6559 158
6442 138
11413 150
3012 110
9668 140
3070 58
3776 129
5231 107
9458 146
3490 110
12236 38
472 67
2097 80
11919 148
14733 90
9017 169
704 90
580 90
11804 65
10672 193
7124 93
13628 156
5198 63
15561 198
5308 59
13572 190
6393 79
2514 100
14842 99
14388 164
8246 79
6242 49
6231 50
9960 177
5105 114
11416 151
10660 188
5494 39
3534 61
8025 134
12504 147
9968 161
8193 137
172 98
9155 83
10037 183
5313 102
15585 204
12851 57
11909 159
11894 195
15643 145
6732 137
9873 115
15192 210
9376 199
3676 147
5694 37
424 97
6684 128
1883 168
13137 153
5907 128
2895 97
1481 180
13531 150
4274 191
8719 111
14819 205
1468 175
2513 96
8650 175
7562 122
11967 52
7542 125
12057 60
7520 73
5690 44
12907 141
2458 95
11891 143
9488 120
15962 212
16367 82
7462 165
6777 115
9564 125
8861 202
15416 160
3836 68
2756 103
2579 99
2904 51
3328 61
14576 187
7188 157
15404 156
3429 106
6413 145
8873 173
14831 118
1814 137
5726 54
15458 203
13165 134
7390 64
12172 155
3475 109
1505 173
6925 167
1489 174
10622 161
5156 118
9349 130
561 99
11492 79
2635 111
10323 153
8593 198
15896 148
6096 134
9862 124
7284 123
15808 150
5668 114
3080 103
15901 162
12931 166
1752 179
13288 137
4292 34
2335 82
121 89
14887 158
12434 144
4174 108
10139 225
13760 159
4594 81
5337 86
15794 156
8924 132
10465 58
8674 138
9867 122
3269 92
8517 132
8185 139
11836 90
4058 88
9595 140
13000 135
8105 168
11813 206
4640 111
6257 63
562 101
7136 57
4072 94
4362 126
15679 151
6637 51
12791 77
4384 100
6932 149
15034 153
6797 161
1926 120
11104 51
12200 204
69 101
12518 145
9335 138
12508 153
5220 128
3813 36
16317 150
11210 60
14489 50
7645 98
4059 87
13508 156
10627 148
3241 100
4269 167
13954 120
3840 82
10397 137
8547 134
10444 157
2523 127
3516 112
1840 152
10238 150
471 69
13336 145
7681 134
12419 154
3670 67
9998 116
14840 70
1116 150
16247 58
11405 152
11298 151
7169 132
2161 118
13831 174
79 81
2258 71
10949 65
10539 187
15231 123
4747 126
11448 84
2114 83
14170 142
7911 118
3250 98
14898 162
11285 154
13463 146
16288 158
6237 53
2815 58
9707 162
11242 225
12424 155
6025 130
11228 72
2206 75
10923 194
7855 112
2634 126
6545 138
14345 115
2939 53
11740 73
15198 212
6971 72
7808 133
3200 66
5744 74
4326 74
15489 127
7089 66
7874 96
1007 48
1995 131
14155 148
14848 83
12925 111
1567 163
4170 120
12019 124
1914 178
11010 152
6711 82
13204 145
15987 91
5019 113
14956 107
9920 186
16152 141
7261 62
8974 126
4550 34
1119 146
1264 166
2936 44
12298 158
11247 212
6673 144
7036 124
6139 53
15215 99
1031 167
4624 126
613 72
1608 183
2535 47
1843 153
2369 86
5462 181
211 78
13262 152
3477 111
14817 213
4601 59
2647 103
4156 114
551 99
15296 155
5064 120
16252 61
11474 72
9340 144
6330 53
3886 211
12631 154
11872 73
825 98
13337 148
12004 91
3602 115
11790 152
3895 112
14252 154
16033 157
2333 88
1791 182
1219 171
8567 145
15019 157
12197 200
12685 148
15841 172
14588 92
13846 114
1401 172
9719 144
5836 46
9015 167
3224 103
7997 165
2648 136
15990 101
12871 138
15175 138
8451 129
8479 189
797 103
13549 128
14657 157
6496 52
8823 141
1400 172
6800 152
6056 145
1046 157
9634 193
9844 152
8216 202
3001 103
5542 124
7863 41
7232 146
6120 72
5644 131
9886 208
10787 212
5519 143
14999 58
13626 137
2581 99
4039 54
11147 153
3088 103
13155 110
2856 99
13804 133
11673 107
13965 220
2341 91
10321 150
9752 215
361 146
15771 136
11890 114
11737 73
9773 182
14136 154
2183 88
9851 141
10132 104
8916 157
12932 149
7303 126
13738 50
478 47
9825 140
7544 132
10184 187
10429 202
10130 108
14174 135
10679 198
2474 97
70 103
2520 84
4105 126
6208 85
11729 37
2679 48
3117 99
1750 179
16149 139
15288 161
7209 158
7137 61
5370 75
11093 50
11275 155
19 172
9599 150
10030 194
13860 50
8084 191
5001 130
6576 125
4803 68
10800 193
3963 102
8049 135
13287 135
5893 132
8687 136
14967 71
9856 149
7619 197
10636 123
3815 90
1793 149
16287 158
9698 167
11611 66
15390 143
8815 135
15638 70
15936 150
5334 166
7727 82
1454 173
13175 42
807 107
11736 64
1211 168
9103 125
13968 192
15581 210
6795 123
15107 123
13796 104
7057 156
6872 46
8836 127
15692 194
15734 90
4432 51
6071 73
3374 101
14604 115
11986 161
1652 177
7805 136
10399 230
15010 152
5607 110
80 84
12751 141
10928 201
8713 128
2727 101
6998 101
8981 215
4342 50
9644 181
13052 104
13332 144
5685 127
15164 148
2262 72
12117 144
12193 179
3494 106
7435 115
6602 165
3667 79
579 88
4672 105
6592 44
1188 164
10788 197
5051 132
1645 179
3299 74
2854 99
9256 186
14652 158
10987 211
2542 45
8365 90
315 100
7285 91
11636 213
7644 105
12788 125
4469 77
12078 88
16233 97
12360 47
13930 127
11355 79
14154 148
6851 104
6248 60
5413 127
5491 124
1931 111
14636 160
13836 219
12264 143
3062 62
3124 99
6792 123
6875 53
5817 59
7009 61
373 52
2403 73
759 182
8432 141
2425 45
12144 145
15777 158
1664 179
4764 111
13143 149
7570 179
13535 149
13131 159
4909 118
1581 173
13448 210
12728 58
4815 44
2818 105
4031 156
4617 127
15539 158
2639 113
1163 161
16014 48
2486 90
149 146
13078 143
11744 81
12808 152
15796 157
1941 108
7656 52
5704 46
11367 69
14090 158
3907 153
1431 166
3055 73
6566 152
15791 154
13985 45
10785 132
11476 76
15646 159
9556 155
5287 105
7499 127
11246 213
13183 123
4316 88
7991 104
10286 196
11827 170
6444 134
8431 142
2208 75
6967 57
390 159
12958 223
6375 54
1121 150
10234 152
5474 43
10761 140
14446 217
5071 76
4755 130
14246 51
6279 131
792 106
9063 139
11722 58
13010 153
7003 74
6266 79
12702 197
1028 161
13258 155
3493 106
16258 101
2803 66
11456 44
188 102
7786 93
7005 53
4945 54
9169 121
5804 138
12672 91
6240 52
14413 142
191 102
11220 60
7382 121
9816 119
9832 175
6722 33
6741 47
10791 190
6778 47
9259 166
14026 151
11033 155
3078 103
15634 51
11449 64
2885 110
6471 50
1097 150
3118 98
12289 156
11336 47
6657 135
422 97
2432 48
7999 183
10478 189
7996 171
16133 49
16166 156
3619 113
13161 141
11516 203
10840 50
10391 94
7671 136
2891 111
7062 150
4835 129
3401 120
9842 156
1444 172
6564 152
3539 76
10898 150
7741 170
11339 50
7125 97
15073 212
10695 118
12326 203
8920 111
9555 141
10921 200
8218 197
2817 109
15433 194
16146 47
10699 138
2303 47
10947 66
10455 141
349 50
1184 164
12493 51
12650 143
10222 177
5072 100
1967 116
1237 166
5228 141
14010 157
12151 91
3387 104
8656 160
10479 189
14550 155
5845 138
16090 210
7941 134
6857 204
4068 97
8747 167
1405 172
10570 145
281 90
16348 209
5352 96
5260 125
9391 167
14936 211
15622 95
13307 101
9245 200
2427 41
6447 135
450 94
6640 54
3288 65
15995 75
7356 73
8765 154
13225 31
14723 122
15426 151
4708 99
2999 100
3113 98
5191 104
10159 191
8590 117
11937 185
7528 66
11397 162
7609 28
5411 126
3512 104
12982 44
3457 117
16032 158
3570 52
1229 165
15294 151
2241 75
14079 105
2076 81
11703 150
10990 208
8428 139
10880 165
11758 21
1642 178
9794 162
9389 167
811 114
12344 54
1307 165
10766 139
9207 136
16240 89
9189 141
15838 210
3593 118
5863 43
15384 55
6238 53
12215 48
6587 56
3394 109
11920 152
14012 161
7701 186
13318 212
10178 206
4077 48
3148 102
3698 56
4868 130
301 98
11745 84
3560 62
11757 22
12308 145
15337 91
9702 178
11119 210
7605 56
8671 146
8845 130
6075 57
13026 124
3009 100
15041 153
13281 148
7992 123
7784 105
3896 114
11444 118
7438 173
1356 174
13167 136
13660 149
16004 54
11616 80
6903 117
57 103
1862 160
1561 164
6121 67
10968 47
15551 154
3860 114
3703 58
3434 102
13621 113
2667 55
13960 140
2694 104
12267 149
8714 129
4132 134
11987 153
16311 151
3221 103
5611 107
4414 45
1226 168
15525 158
37 100
13593 115
13421 128
14295 137
10709 59
11551 139
11685 207
7375 119
7004 64
2150 145
5300 132
15558 135
4397 142
16265 54
555 98
13081 144
13128 155
15400 160
7759 136
7947 128
2119 90
3913 94
3523 189
175 103
7001 81
16198 189
12915 146
2945 109
14243 48
11092 49
14282 146
15695 209
2564 106
1367 171
2606 97
15249 56
693 94
6536 124
5210 114
10588 48
13557 158
3486 106
14724 121
7318 167
11587 51
4678 70
12175 146
11229 75
4103 129
4168 95
6220 104
6672 151
6961 81
10546 193
12574 212
5598 51
5718 110
16352 102
11842 154
14054 134
6703 130
9829 190
9884 214
13485 44
8870 184
4067 96
13562 169
4887 110
5213 122
16283 164
13791 142
13370 121
8528 158
15711 207
343 67
11555 202
11629 95
15733 92
812 114
1309 165
8616 161
8472 208
1064 157
11447 98
12096 57
7293 129
10614 175
5113 106
8831 144
5447 97
6702 114
14466 122
11982 164
12677 152
24 115
13219 233
6310 146
8832 145
259 157
12473 58
7690 125
9441 158
8733 204
3675 118
9325 147
11354 82
1467 175
1078 153
6336 33
7913 114
7664 74
894 201
6644 61
11592 59
6507 47
2956 104
13272 148
10369 133
8751 49
4535 139
9321 153
11701 169
6850 55
1157 167
2504 103
16184 155
3172 47
3208 105
12990 44
3079 102
8580 129
16109 104
8970 126
3789 77
13172 139
7989 75
5357 122
7140 61
7753 148
9116 206
3609 114
3738 117
15698 207
6361 49
2141 88
15992 93
321 101
12605 51
14953 194
12722 51
13247 140
12281 100
7780 104
13018 153
6019 133
7621 115
8072 130
9444 148
11539 133
14458 73
6940 128
11943 199
6895 57
14047 138
13973 87
3979 123
10933 83
14396 163
2368 89
2934 58
13987 50
11422 153
2153 136
4065 72
7178 124
6424 141
16150 151
10005 101
3827 56
4393 139
16246 64
631 178
6190 130
12494 67
15717 72
6320 137
16245 73
15454 213
1276 148
1755 179
16178 154
1364 169
6813 131
73 93
7612 129
8012 154
652 158
2511 117
3584 79
15012 147
15728 92
12554 155
3413 57
10255 109
4919 123
6938 140
10435 53
11679 105
14670 132
10203 128
13358 50
11845 169
10690 81
6654 117
11204 46
10328 145
11941 202
7561 123
3937 85
6412 125
1326 172
15664 156
9651 181
8535 137
890 156
1711 168
1133 132
1586 172
11778 153
3220 102
3832 59
13039 139
5137 112
2762 136
12888 152
14944 210
5087 91
961 128
3153 117
4666 113
7336 173
9431 149
5067 60
769 155
8143 151
7227 54
12051 150
1320 172
5506 134
13865 51
5926 143
13140 151
4964 96
7392 59
12304 142
13707 218
192 103
4653 144
5712 35
11812 205
16165 154
12971 207
4287 36
2182 92
6334 48
14908 150
7441 177
566 100
1395 175
11814 200
11560 196
4023 93
6093 56
16373 55
7555 130
2160 123
168 97
13393 150
10453 142
5485 91
1501 177
1527 175
12774 140
5858 73
4874 126
13468 43
6368 55
15451 215
10409 183
3638 111
6648 110
3371 99
931 135
5074 44
6155 129
1917 177
9401 158
13398 148
7482 22
4991 71
6845 74
9910 177
1987 126
3765 110
11582 58
7379 120
9547 131
10654 103
10445 155
7172 130
3203 106
14150 156
13119 108
1473 177
2619 99
1500 179
10599 204
14318 215
7958 177
13160 139
12311 145
11517 198
2911 91
4649 106
14304 116
15872 46
7802 137
3389 107
15064 210
5347 125
1087 153
4457 73
922 135
13711 134
1808 144
3801 135
5483 43
5020 115
15299 148
14796 130
3634 104
190 100
14141 160
8056 139
6770 64
8271 153
10274 200
11622 71
2459 95
9527 164
2087 81
2925 47
5407 132
13464 150
15486 121
8896 113
7523 54
7890 140
15974 88
217 58
15083 85
6315 130
8550 137
11684 187
9110 209
5679 120
8333 115
7935 136
4794 118
7533 100
3197 75
851 89
8280 143
2446 99
13152 151
3252 97
3608 114
7919 128
5837 113
15675 154
1003 56
3360 105
602 60
7280 126
8496 56
9537 141
15062 209
10755 156
15172 148
10450 145
6255 62
15077 206
10149 184
12969 197
376 89
2382 109
11966 53
3814 79
6153 132
3298 56
6494 47
8256 111
11837 108
1933 115
10908 150
666 87
6603 192
10407 162
1908 169
5233 109
4772 102
7597 82
6170 141
11382 209
10488 165
10253 112
13176 49
14564 211
5928 119
5415 130
14406 151
1649 179
9696 156
9996 118
5276 119
7173 130
151 102
7797 134
8588 127
10420 184
2965 100
2640 108
10050 206
1688 156
3630 85
2112 84
15123 48
14654 162
5768 129
2239 79
13363 51
15190 208
6577 122
1836 151
7463 179
6535 126
12066 185
8196 130
14620 53
1036 154
9119 205
8850 206
11409 145
14997 44
10775 140
5683 121
6752 53
13974 39
15887 52
5271 120
9645 163
15782 158
14188 202
2252 80
13518 153
9611 127
16375 52
11253 207
4891 113
12995 127
7216 77
12166 155
600 62
13600 47
6645 74
793 106
7816 129
9020 160
11376 213
11630 148
1404 170
1461 173
7977 161
2176 61
7423 131
11749 76
14077 105
8859 205
14268 164
15524 158
10018 202
2886 118
1922 116
14191 207
9412 116
6897 81
15007 88
12015 147
1510 170
5696 55
5947 76
13627 147
6965 77
9716 150
7535 85
6548 136
14826 211
882 89
9048 116
7206 169
15780 158
8969 127
8214 187
12979 56
12128 155
10611 184
1722 172
5101 142
655 131
4148 202
14482 40
11706 165
2598 97
15214 93
5338 136
5028 108
7161 86
881 77
15102 77
10596 153
5002 129
4111 123
14710 60
2791 45
11286 154
11922 146
6742 49
245 33
5284 119
6345 67
10327 129
9964 170
12447 193
12975 47
15506 53
8043 130
8324 131
13499 135
5716 117
8275 146
15687 182
8721 199
13800 122
3596 119
2281 65
582 87
6526 117
8518 122
13971 160
14544 132
14546 133
2567 105
9567 172
16216 213
1493 171
7501 129
11997 61
12239 41
3491 109
6323 72
7702 187
9675 128
3207 107
9393 181
16136 50
4157 136
82 80
13482 50
3105 101
7153 123
5943 65
6317 132
13731 48
788 109
7018 51
15402 158
12673 154
8297 132
12750 139
9885 210
14474 114
4302 61
12584 156
12950 144
14909 155
14672 140
4569 72
2344 92
6239 51
5516 130
4661 130
2835 101
11968 61
1331 171
9505 196
4429 63
10431 195
1010 56
14542 140
7850 163
10571 149
4216 46
15730 105
1831 145
3028 69
8468 193
9408 118
14236 56
3051 50
14630 153
3592 119
11467 65
9200 142
14181 97
3157 115
13657 148
12397 146
325 98
3604 114
3436 111
14983 124
7083 139
14701 203
15272 159
14408 149
13371 144
14182 101
410 92
6030 141
12178 143
14165 142
4597 103
1379 172
10536 191
13663 147
3283 48
11265 154
16105 93
15320 208
953 131
8305 139
13065 151
11593 57
12564 147
6531 130
399 163
1032 168
12598 58
679 96
10456 112
13842 148
232 133
8082 191
1070 159
10833 114
3187 49
13028 114
4751 126
15706 214
5211 136
15938 140
16137 51
10138 149
8804 139
14042 144
2650 115
6159 142
6209 91
11548 138
6088 51
458 81
309 103
8434 141
13793 141
3662 97
2608 96
13223 119
2518 125
11263 185
12340 46
15380 54
5439 85
15174 139
12923 101
5809 126
11681 71
15792 155
13466 141
15520 161
14043 143
4527 131
4226 130
3912 74
1182 163
16194 139
519 158
8524 178
993 125
7768 127
10440 155
5312 80
835 80
8342 204
8578 130
1316 169
7614 177
10227 164
13295 132
2406 67
3210 104
9461 143
12034 154
2652 99
1767 177
1482 179
7098 89
3888 176
7415 110
3820 51
13532 149
1774 181
7752 151
7385 109
5079 171
15939 135
2764 114
3202 106
4195 61
11541 133
8849 166
7839 187
4731 78
11799 55
1771 179
3331 111
3566 39
14296 135
4230 129
15969 124
13240 46
6245 51
1524 176
14379 148
5060 84
13797 90
984 135
3838 73
6018 132
5120 47
1907 167
3260 103
5737 130
1455 172
7487 176
3927 82
2409 41
6560 181
2915 83
10803 60
7675 135
13891 153
16010 51
12157 190
10469 204
7912 122
10122 118
1729 172
10112 150
11236 88
6694 149
8298 133
3101 100
3280 99
7754 147
303 102
4827 143
7942 134
11137 152
8488 166
3219 101
5170 128
2075 82
5536 118
10579 136
7541 104
2872 101
2350 87
8720 144
2589 94
1980 124
8166 127
15970 37
11333 51
1140 116
11014 162
670 83
3696 56
229 128
12187 44
4539 124
5793 134
11266 153
13588 147
10747 170
5983 47
4729 65
9268 182
2508 100
3716 123
2677 55
10446 153
4686 36
11530 157
15456 212
12855 51
14202 59
10708 95
8222 195
10929 185
9419 141
11076 43
10634 128
13722 37
4291 57
11959 44
10671 193
877 51
14932 196
8531 153
6293 132
15693 197
1565 164
9640 174
13952 119
15814 166
6827 163
10677 193
5825 65
8184 140
2306 100
4633 115
15467 100
5801 119
4021 82
15627 58
16140 46
16151 145
5820 49
6440 147
13005 163
9077 136
13927 118
10920 203
4564 55
16322 135
1545 162
4416 90
3826 51
11485 81
6515 46
4814 41
3568 51
4140 174
14208 89
8328 131
13210 147
14847 80
1881 163
14987 93
12536 104
15708 207
14954 175
10545 191
7107 178
7099 63
4243 119
1518 178
7054 169
767 202
5568 80
7116 80
1035 160
1633 177
5135 125
6113 61
3537 97
6478 213
15087 99
9360 121
7493 128
8614 179
14996 47
6638 56
885 116
2001 133
1852 156
15424 156
1570 168
9680 135
13147 153
282 91
12933 148
7881 156
4819 145
15367 137
3719 121
9786 193
6973 64
8601 197
11008 170
14124 128
10430 199
12688 143
11428 205
11572 136
7695 178
14231 47
8168 122
3514 124
5052 118
2077 81
3960 46
10733 201
8042 131
13395 149
7342 117
3006 102
1369 176
2498 90
7951 186
9613 126
1491 171
14183 105
3123 97
86 72
8356 178
485 78
9681 117
5674 119
11408 148
10845 60
757 171
11211 56
4468 54
12420 152
9013 186
12492 46
2826 102
13979 52
12658 146
2946 106
15148 156
9126 179
7088 86
9161 146
11549 140
6584 73
9797 166
13586 145
12986 52
5748 42
14346 111
3468 114
347 57
5098 121
6821 161
13409 149
9293 134
14253 146
3862 117
5775 124
4261 117
15889 45
16065 145
4584 89
13364 54
8536 111
1000 75
9354 127
15908 156
10348 186
2324 88
5225 150
8668 139
2489 92
9584 151
9072 138
1252 163
3579 85
2437 102
7129 82
3561 66
12524 147
4308 132
1023 165
3805 127
14184 118
9149 171
4339 75
2293 88
7117 76
7431 127
3897 115
15159 163
2418 52
11498 55
465 74
9800 154
13516 152
1716 168
6803 140
15579 215
4788 129
3130 100
13497 144
11690 203
8667 139
76 78
2106 86
5627 44
3189 58
12451 202
10503 114
13290 138
6551 138
6480 79
15162 157
7948 115
15668 159
8000 194
7225 84
18 173
13823 126
4936 73
4496 125
1623 179
10212 204
16122 67
3642 117
14055 134
1045 156
5049 132
8367 81
4852 54
8761 183
11146 155
9517 174
2257 94
11999 61
13453 141
4706 133
14311 125
4083 50
12221 59
10115 109
14471 122
3077 103
6923 121
5219 163
16221 210
405 82
3540 46
12070 198
2358 84
712 67
4607 78
1136 125
8141 159
5041 135
4775 106
3405 95
11040 157
3942 75
4966 143
15712 206
14417 139
11305 192
15941 148
10160 186
2642 112
4986 101
2728 100
8611 186
5769 131
16296 156
255 54
6948 175
12946 142
4536 108
7601 111
13712 139
1448 172
4090 40
9324 148
2574 104
9925 216
4682 43
2867 97
1838 152
15378 48
10790 189
295 99
2611 95
2217 79
12994 100
4659 113
3842 125
5092 135
9087 146
6402 133
13529 146
5623 51
8293 128
62 101
15391 140
1972 120
12771 115
3246 99
2982 99
499 146
13898 150
523 169
3951 46
4040 88
4073 47
7652 75
14329 49
5189 104
785 104
9480 127
3871 98
1495 173
12675 154
7334 161
616 143
14960 108
1943 109
15247 54
8769 53
2900 58
7033 39
10072 109
15076 208
2307 98
13324 144
7932 137
3385 99
8669 139
2000 132
10476 189
1327 171
12718 212
11429 188
11194 53
15790 155
11623 70
8708 129
240 34
8753 93
16380 53
1329 171
4471 51
14706 112
10427 207
10188 198
9353 126
7458 176
7165 128
9971 156
15906 156
5058 76
13788 145
7399 90
10003 107
14981 125
15131 52
1153 162
12276 83
10828 131
5317 119
11398 160
16347 205
4466 68
1288 159
14094 224
2824 105
7556 131
13598 47
12364 61
1807 143
13390 155
2501 103
2131 90
12569 149
10043 200
9582 155
16141 47
6520 86
15576 210
15671 159
10641 124
12721 52
226 53
9265 198
2599 98
13045 102
8586 127
16280 156
6977 94
14382 156
7585 189
7051 118
7532 98
225 48
3314 61
16284 163
9917 194
13475 34
5281 121
13999 147
358 136
7572 184
12985 51
11258 197
7925 135
1124 135
5161 128
8752 24
11045 185
12065 210
11670 100
5894 130
12232 51
8996 177
7076 170
12139 142
3732 116
1051 153
4131 127
10250 114
921 135
10467 85
4444 135
11388 197
6281 129
14230 41
12463 194
5395 113
8186 141
16291 154
14430 122
12679 152
9695 165
2775 112
306 103
12314 108
318 99
292 99
12131 162
2822 104
13022 153
4082 49
1656 176
7929 140
10412 191
5787 132
15515 148
9190 142
1306 166
10128 110
10572 149
230 140
11714 116
14613 53
7121 79
12282 90
8793 112
13106 50
7397 63
15843 42
7801 138
13949 101
8248 165
8852 196
7017 47
11012 160
6302 128
6615 74
6539 128
5432 114
16321 137
12410 104
290 100
14000 153
4167 116
2816 66
8806 142
14309 81
4834 137
8631 182
7700 186
1878 166
14276 153
10691 116
1974 123
1537 171
6251 71
6826 146
5477 116
6607 27
11932 45
3932 104
11506 211
2237 76
15342 107
4753 123
11356 82
15842 80
14598 122
13851 47
6775 114
3056 55
15463 80
15605 94
15606 92
6561 164
9792 170
10373 103
4980 38
1240 169
4445 106
12189 45
12701 212
14877 52
11340 48
8029 124
10941 202
5456 74
8360 165
4893 113
11619 80
2111 82
12725 55
4792 114
10073 133
11709 161
10836 46
14169 142
12174 149
7687 128
199 101
9872 115
11694 171
8291 127
3422 52
7905 63
12359 47
3495 105
16131 53
15825 207
3268 60
2774 109
14095 222
6304 119
9366 215
467 75
6734 26
9168 115
1181 163
14939 212
7916 124
8949 137
7362 178
12191 116
14669 136
5455 86
307 105
4797 129
15125 51
1478 181
665 85
3781 178
4013 194
10175 188
9421 134
8377 147
3501 99
5590 96
2035 150
9054 156
15024 160
14655 160
2549 44
15686 147
14993 55
11951 84
16064 143
5039 106
3481 109
13539 123
15101 69
5115 141
14978 124
1754 178
10442 160
12805 152
7824 185
13863 49
1040 158
10495 155
2994 100
3532 99
7575 182
4676 55
6743 53
10118 113
14558 192
10010 231
6641 45
12794 97
3143 156
2 160
15961 214
4270 170
9660 182
9765 192
10498 143
8303 139
7500 130
11865 42
7878 142
1921 118
11073 60
8987 206
2702 102
12826 143
1776 177
5652 122
4813 40
10868 193
3178 47
3209 105
8680 140
13164 134
9637 192
16381 51
13079 145
5268 110
13558 137
15000 52
438 102
5565 94
13293 132
4246 121
3437 96
9999 114
5471 54
1135 127
15641 119
6719 83
13061 159
10200 111
10102 156
16017 47
12132 161
4756 138
8235 167
3905 154
1887 165
9179 124
11387 200
14740 53
2622 100
4793 108
2436 103
15931 152
1607 184
14260 167
6199 46
3906 153
11712 128
12634 156
4688 49
14011 163
6596 35
10245 109
9450 156
4074 64
3533 62
14732 126
12839 197
2894 94
7408 131
12116 143
8771 196
2748 102
15880 47
6529 135
638 177
89 56
15912 158
16155 165
4912 103
5438 58
607 73
4621 128
6449 122
3559 65
9034 162
14760 152
15516 150
5223 68
13116 46
740 62
11264 182
2449 93
8447 140
8934 139
6441 142
8192 134
14332 80
14651 152
11471 74
8522 177
1918 174
13066 149
13647 152
8041 125
11935 34
4324 143
7448 176
8503 181
5867 51
5938 133
1504 175
14298 131
5878 45
575 100
990 128
10013 212
16027 164
1892 177
1844 153
16261 47
9923 192
11347 73
3708 54
10362 157
2116 87
6406 131
10510 110
11948 215
782 135
448 102
11048 203
8054 139
9612 127
8263 146
6681 142
6246 56
11090 48
13554 136
75 83
13938 166
14326 183
3502 100
1686 154
9507 190
360 151
3317 59
3296 67
4153 97
7998 164
8409 145
3161 48
1475 177
8326 131
10304 189
1823 138
7603 52
4765 112
3291 69
8816 133
4353 134
187 104
14127 146
13462 145
14467 121
9744 118
1110 155
7309 179
11561 199
1560 164
9854 147
4829 113
14955 140
14385 164
871 47
4000 199
13723 45
6555 138
158 90
11568 94
11755 40
12532 105
14392 163
2626 97
3742 112
11954 165
4760 113
814 118
12107 56
13362 52
11554 122
4101 128
5798 142
11077 56
13658 146
14829 147
11235 92
16214 211
6185 146
3388 106
10843 50
15824 204
5958 47
8240 97
12288 165
5978 45
4709 104
4646 104
10461 44
7968 186
15559 161
8731 204
6898 89
16143 46
6724 71
14808 207
6262 42
3149 91
12798 107
1928 113
2871 101
13914 146
906 166
2519 112
5961 45
10996 199
1418 160
1945 110
7168 128
2531 91
3763 102
1558 164
1574 173
2164 122
6420 138
6037 125
7737 106
7599 61
15512 68
10940 192
6578 71
5628 47
4272 174
13805 157
10313 171
15355 75
4644 104
15726 91
4953 130
9143 162
13257 156
15153 159
13403 150
4822 32
2184 89
9223 128
3073 109
12572 113
6989 62
4239 124
8285 134
16224 144
13659 147
3151 92
7451 195
11312 136
14778 150
9365 234
4214 55
5048 117
11127 199
16323 132
3036 78
1094 153
14256 157
12800 101
283 93
15304 138
5133 129
15014 160
8345 201
10858 206
10965 48
11049 194
12213 48
2517 102
6600 122
10999 194
14526 162
750 147
213 72
15867 98
2266 79
11595 62
8079 190
10814 205
1646 180
2439 103
929 133
15379 56
6085 53
1334 173
15988 102
11441 136
14538 145
2536 45
9845 151
2366 88
6749 62
14522 148
14899 163
15680 154
5730 69
6082 35
6505 47
2250 80
13835 221
2434 106
978 124
4858 73
6871 48
4801 69
7630 131
5428 131
4411 178
10811 212
2660 34
6636 52
5880 42
1254 162
1462 172
8566 143
610 49
4724 115
16056 156
6089 48
9908 183
7525 50
1429 168
3247 100
15851 92
10626 153
10155 188
6806 139
2838 101
12295 155
7891 136
8226 183
6116 70
14475 111
3418 80
12747 141
10457 61
4182 71
8262 131
1521 178
14692 203
11796 112
3525 169
3857 118
15768 122
15683 142
5682 125
7101 62
2199 79
1674 156
13757 163
15751 47
6314 133
4434 57
12883 156
7037 126
14912 155
7086 110
12100 82
11078 79
394 162
3083 102
12091 55
5446 98
8596 188
13878 134
1384 176
5636 132
4884 127
13273 150
1239 167
12980 51
690 103
16241 92
9586 148
15749 94
8966 127
4409 186
10799 195
10723 48
4691 94
11991 104
729 78
611 47
4675 68
29 93
16043 157
4563 27
12047 147
4474 57
5571 48
5595 46
4935 93
10067 190
5911 124
7961 202
10044 198
10376 108
3704 65
15283 159
6706 68
9195 148
3163 36
3337 109
6793 122
7433 123
13107 50
9802 141
14451 196
577 98
6915 129
5972 183
7148 70
12497 133
44 99
6960 82
13680 132
9828 189
1380 171
4692 80
5614 158
9758 207
7955 192
1591 174
11931 43
11233 90
1257 165
10718 61
14287 144
13607 48
15918 154
7610 94
3725 121
3338 110
3453 51
5634 134
16259 40
16199 189
11808 36
6067 130
74 88
7711 188
5638 130
4499 124
737 87
9081 142
4275 186
14462 99
6563 147
11494 67
4096 62
7262 58
8258 48
197 99
5398 121
7569 185
3302 103
1998 131
4190 122
16129 166
3631 89
2653 82
1439 165
10047 192
14338 123
3884 215
9468 141
8301 137
15697 206
2340 92
9838 161
13536 148
5796 137
10403 196
11603 61
4034 147
13991 46
7657 48
7074 177
14963 91
3571 56
10819 156
9022 129
3757 128
3902 113
674 94
13075 143
1849 155
748 138
5647 137
8074 130
4540 117
12906 140
8709 129
4038 97
90 56
8922 127
5879 47
9603 126
2372 92
12625 147
109 30
6313 142
14602 120
3874 141
6680 147
3583 97
12129 159
11598 62
15587 169
4992 71
10706 134
9883 211
5601 51
102 134
8153 138
5056 94
6439 154
15278 157
14135 164
3761 77
6751 57
16294 157
14101 39
14748 48
8985 202
964 122
15899 148
15157 162
8404 150
8260 111
8743 177
9479 126
1766 173
7096 42
5944 75
2314 97
14574 213
4377 126
12095 63
8148 142
3797 71
13703 221
16376 58
6210 49
7697 186
4507 104
15419 151
514 155
14765 159
13198 140
14216 115
415 94
12567 144
13566 111
1138 122
8033 72
6852 111
6132 52
10653 114
7720 169
8600 202
12821 143
14380 145
4997 130
11351 77
10247 109
8290 134
974 109
7718 173
10998 197
7508 125
10438 135
2402 86
16217 212
7554 131
10613 177
3521 116
12124 157
1419 160
3562 59
1956 112
5881 43
9814 189
14084 118
12167 156
14653 163
16189 147
3240 99
16207 207
7918 125
7620 131
7391 64
10850 51
3214 106
4303 58
8860 204
908 153
2960 100
1698 162
5069 79
14024 151
8757 185
3981 125
7324 193
9282 134
9008 162
14336 80
935 133
14503 144
14781 158
3092 101
14120 48
11144 161
11717 92
10838 52
3000 101
608 62
7221 55
5833 48
4251 141
1287 162
11983 164
10093 174
4989 68
842 63
9945 137
7798 135
9767 180
15173 145
12893 153
1739 177
15935 143
12755 157
7319 164
4458 87
397 170
8728 198
6201 56
6568 151
3728 118
1700 166
1185 164
8349 196
15185 195
6328 48
166 98
15163 146
3569 57
8392 160
3024 76
5187 108
9286 123
3081 102
12134 156
9472 146
201 91
13308 113
2363 92
16253 55
14399 156
2584 98
15696 207
13721 41
9726 146
14803 197
3949 57
10357 168
9594 138
1105 147
9801 146
12234 44
8080 189
4227 129
95 47
3393 95
12561 145
10123 116
339 77
5874 52
3443 59
12303 145
9895 182
11112 228
4944 75
14949 208
11124 205
7750 137
4987 94
12848 50
8926 154
9447 161
11182 197
194 97
12114 142
9805 135
13513 152
9140 186
4378 117
7138 58
8500 109
11544 140
5532 124
4271 173
3482 110
12509 154
1983 125
12422 152
7580 189
4965 122
3863 117
13506 159
5464 82
14747 48
3877 198
15375 54
6700 155
11106 55
7830 193
3044 65
12488 51
7514 114
9326 147
15876 100
1056 152
7745 184
9551 126
3661 73
11018 152
16269 47
14783 157
12784 138
1463 174
7250 109
5403 119
14698 211
15279 157
8393 173
8711 128
14626 29
9065 143
12593 31
14910 155
667 89
1721 171
12955 137
8231 167
11844 163
11691 203
5904 126
11105 55
9202 138
527 151
3150 122
11053 201
5238 106
6848 57
606 74
5362 103
5513 129
7419 130
6451 74
9417 137
15158 162
7615 184
2877 103
2568 106
5055 68
7703 178
11436 204
5585 40
10586 49
7060 150
8811 140
3344 109
12902 139
10166 197
9587 148
8629 171
14713 66
8792 101
4435 75
11970 75
6016 94
9721 140
2809 47
5660 128
6805 141
13908 147
4106 124
10229 163
15160 164
122 76
15319 208
1336 172
14572 215
1234 165
14193 207
8170 133
13643 150
7320 169
4833 135
3195 64
6606 81
7897 129
14004 148
11460 46
8902 153
9575 165
9162 151
7416 130
12899 112
15589 42
16170 157
8577 131
13001 141
12921 87
11331 49
2825 104
4286 69
10413 196
5608 91
6493 55
417 98
9650 182
10441 156
12596 53
9686 209
15322 211
6766 51
15732 94
2507 106
15447 209
6269 95
3368 101
11400 159
9796 165
15972 64
12803 149
3204 104
695 91
4767 115
9044 154
16024 148
7868 159
12837 204
9795 160
11841 152
9371 206
8383 131
1817 137
381 73
6235 53
9840 158
12661 82
3551 63
12670 104
3611 113
7290 124
1332 172
15250 49
10071 158
15323 215
7717 177
1748 178
6583 76
14920 142
4924 128
421 99
2745 101
1734 179
3695 54
7504 127
4029 116
6762 68
5988 44
11277 149
9206 135
11020 145
4273 190
8321 129
9554 103
1529 178
10530 205
12866 42
15274 156
845 58
2616 97
3409 45
7302 129
9448 162
15819 194
10895 145
185 104
6764 62
13420 132
2746 103
2214 77
1349 178
7041 131
2799 47
5077 53
14017 156
6874 51
9288 136
13576 216
7531 87
10382 107
15754 57
4850 114
3526 146
13569 100
1106 153
14305 113
1736 180
9406 182
13151 150
2833 99
1357 174
9000 175
2776 109
14980 122
8729 202
15097 103
10097 167
2698 102
1271 156
15544 159
12976 53
15927 158
7218 59
13779 148
174 103
14642 165
4296 85
9261 49
9178 130
6167 132
11830 83
15546 159
7975 178
2481 94
11482 78
4626 125
7050 124
14414 140
15735 92
13871 76
11011 156
10317 160
7595 140
3450 54
10096 168
1445 173
2401 136
2661 44
14433 158
6814 179
13249 131
1272 155
15770 145
9042 149
10368 156
2576 99
14429 120
4117 121
15716 45
8961 129
13384 155
3858 116
4863 80
9504 202
640 183
16114 95
5616 66
261 156
6254 58
7882 155
8607 188
11925 106
2019 160
10915 170
3651 150
11606 63
5324 47
3664 98
3104 100
11231 87
12227 65
11433 194
3074 106
2159 119
5777 121
2070 82
11803 63
7480 58
11100 49
11434 200
15387 94
16126 57
4341 60
13583 142
9694 160
12502 146
16073 189
13624 134
408 93
10062 209
6556 134
12614 53
2930 75
2015 137
10951 103
15474 76
549 100
13447 216
15195 213
15144 160
15496 42
8109 116
1402 172
3650 169
10466 50
16229 86
15761 49
6388 41
4323 119
14952 202
15420 144
2593 98
9876 106
9520 180
12466 31
7799 137
11753 58
1669 154
156 92
9888 205
10508 112
11535 150
4552 38
7287 48
6001 55
8485 179
4454 71
14521 153
8477 199
8167 120
13843 149
15182 194
2580 100
11590 63
10193 196
10835 57
8320 136
3754 129
8433 141
10267 102
11635 216
12581 205
16251 70
6754 49
2888 110
13133 157
16019 59
12231 52
145 174
2497 93
4804 71
15994 89
6010 39
15005 42
4976 130
12041 157
7066 140
5285 118
8053 140
7632 130
12914 142
10351 181
859 95
1344 175
15806 142
15690 195
10827 130
11257 201
5700 46
12160 219
1694 157
4500 121
3262 103
9029 152
15438 193
13416 133
13229 50
2670 44
8292 125
11860 41
9858 120
11332 45
11148 149
8470 210
9777 184
10341 200
4075 82
994 118
3183 50
8905 173
594 68
2840 100
815 118
6045 133
4796 136
9499 208
8717 129
94 48
14703 154
15437 192
15223 109
12145 149
14116 45
3572 72
10220 180
7492 199
4112 122
15580 211
10829 132
14716 107
8004 81
12475 59
6904 124
6713 63
5686 113
7158 112
5063 83
2937 47
11720 73
1557 163
4518 111
14560 210
4763 115
641 156
16355 81
11304 193
12125 157
3158 95
13254 159
4351 39
16038 156
6486 54
11764 221
1984 127
2649 144
4318 98
10692 125
4304 75
11990 116
8975 126
6450 115
13135 154
4754 122
1228 165
8174 136
12738 54
1579 172
6198 61
5088 64
317 99
10019 199
13733 53
5217 41
6733 46
16062 141
10767 139
13880 154
12712 173
8315 139
9105 104
14935 208
904 169
6968 67
3400 83
4685 41
10603 198
2456 99
7403 110
9806 132
15377 47
6691 153
10906 153
5451 109
1066 157
1667 160
3087 104
5764 131
10087 188
12633 156
5901 127
6999 95
116 37
4928 57
6794 123
4544 119
8585 127
5244 110
7417 128
2260 76
13810 144
3420 63
10712 49
15348 81
16000 51
2057 91
8093 200
3727 120
10098 164
7110 194
4583 94
11953 170
4294 90
8353 187
14401 155
1855 156
13425 129
6052 147
4609 129
10830 132
8805 140
13430 108
14142 158
346 60
11407 148
1370 176
1456 171
13867 56
13993 48
6462 55
6985 154
2506 107
2224 76
1466 174
7108 165
12940 145
3950 48
9224 125
3865 116
12680 154
7893 138
5269 118
12246 106
5366 71
12390 149
9533 177
14108 53
1902 168
16263 54
14438 187
6110 52
10301 199
8022 141
10893 144
14113 46
4866 130
14684 218
12916 132
13250 137
7731 49
5535 126
11369 111
520 159
9410 129
2864 97
2216 80
488 151
9850 142
15521 160
327 96
5131 128
433 102
12992 64
601 62
2485 90
8637 137
8706 128
7045 130
2883 99
8722 193
3645 116
312 103
14688 222
15186 201
3029 78
10707 123
1412 169
10380 108
31 89
12668 105
8830 144
7486 159
8681 139
1355 176
11284 153
12198 200
4508 109
3212 105
3663 99
7819 125
13877 126
2678 45
3530 56
7 155
1981 123
5913 128
1269 157
5719 148
14633 146
1695 157
4130 134
4768 109
13156 107
13514 153
16191 137
14373 59
8450 129
8197 131
5541 114
3075 103
3232 102
9831 180
1594 174
10401 206
15503 53
9513 169
3726 122
13911 145
5765 132
6464 42
320 105
7207 151
5741 154
6427 141
3264 101
6138 53
16328 190
4415 31
11628 47
3238 99
10520 99
11771 212
3928 103
11801 56
1629 179
13585 144
10068 194
14813 218
14823 212
4907 118
12042 157
4861 86
1876 164
13861 51
7330 185
5642 130
15191 208
4878 128
13653 144
4958 145
12275 118
15408 157
5179 104
8052 139
9526 175
10681 211
6090 47
11536 146
14946 210
6791 126
7208 172
15547 153
4890 112
13931 141
4720 41
400 157
6882 50
4551 53
8645 181
10262 99
15226 73
13602 51
2928 52
12882 157
12523 145
6488 56
8144 150
15944 191
10000 114
15049 133
11473 70
3785 71
8658 157
2659 33
12873 137
1278 148
5331 54
4196 105
14491 46
9039 145
3191 50
9225 127
10834 86
7766 132
10146 202
11495 59
12489 50
15351 97
13517 152
4556 54
7135 59
4486 130
12910 140
10057 220
6453 94
15230 102
4916 131
2509 99
1001 72
9271 171
10661 183
13625 131
526 159
10384 103
8879 29
7491 203
7937 132
2078 76
9946 141
13255 159
12316 51
9148 164
9624 225
1977 126
13668 105
8106 154
7821 179
603 56
11330 49
4603 84
5905 128
3108 100
7056 163
5558 135
15948 202
13174 60
3146 94
2821 105
14387 165
7359 144
10592 56
6909 124
15979 88
11162 154
14814 218
14500 57
5899 129
2543 44
14119 53
9557 172
5551 128
16349 210
9516 154
4448 138
694 92
9655 166
4903 107
15011 146
2546 40
12409 109
5139 116
13298 133
943 139
152 86
5992 51
7723 135
11221 64
11556 194
2417 52
14940 213
1386 176
11993 75
3660 76
10670 194
16041 158
7871 152
14117 48
9443 146
7228 23
8663 133
14160 147
1738 178
547 99
4280 219
1939 110
2896 78
3052 53
12528 143
11452 41
7424 130
15574 208
3894 110
14228 41
7674 135
4999 130
14927 195
10063 201
14114 46
12149 84
1745 177
1795 139
5178 130
11816 200
1994 132
12108 73
10326 138
3324 45
10338 49
2294 94
6244 52
11641 212
4464 85
16187 153
13103 52
944 140
6525 112
2470 95
3586 121
14244 49
5618 93
11152 144
13665 144
14504 153
5695 35
1100 150
12487 57
5341 38
13168 137
2334 85
8425 138
9171 148
3258 100
12642 112
2830 103
1068 156
4124 162
16305 151
1568 165
2808 54
8526 166
5588 177
7271 71
8077 134
3749 96
8124 188
11897 220
8180 141
15403 157
12537 106
15530 158
14805 196
12997 142
16053 155
6921 122
9581 154
4549 48
15878 48
16232 89
14754 70
9861 122
11934 45
14020 152
7442 176
4456 72
14081 122
337 78
6623 49
1214 167
7927 137
9425 111
1662 181
614 94
91 53
13579 189
11976 116
12448 192
8382 153
1780 178
6683 133
14589 99
10026 183
6835 63
12154 97
2656 44
15891 64
10417 191
13717 151
2441 102
5012 109
9099 128
13417 135
12180 149
4427 45
9062 136
9704 170
1120 147
7126 95
15894 74
10169 201
14378 155
14028 147
2291 77
9966 165
2319 94
801 104
13439 116
3168 62
14527 158
11036 153
533 84
12432 145
6790 129
4784 130
3511 107
2550 47
10009 137
15043 152
12496 117
9125 184
7795 133
38 100
15705 211
384 49
266 162
11634 222
13224 60
4802 84
11203 52
10218 182
15464 95
14057 138
6774 110
3090 101
538 91
4201 95
15434 195
6098 192
1029 165
