128
128
1 162
8484 177
5309 77
11140 158
10844 60
10674 198
12011 147
8486 173
6117 70
7102 36
3672 77
10405 187
14599 123
8945 137
15422 148
4984 134
2461 94
14061 215
6970 94
12073 204
56 104
13389 154
11586 47
10639 124
8228 181
6929 155
12087 46
12301 154
4145 192
10319 161
10831 130
622 174
1725 172
5782 117
4758 110
14742 53
13014 153
12358 47
12362 51
11157 154
10422 197
3362 109
9859 119
11930 42
12449 218
13058 214
12671 98
12292 154
12287 129
4367 124
10346 188
13662 149
15211 95
6021 133
9056 157
11643 210
2330 89
9857 121
15975 103
605 65
11540 129
14195 217
1877 164
9827 190
6483 64
15952 204
9424 143
239 37
10167 200
16237 102
5273 115
5675 140
12203 187
4438 128
6374 54
11698 169
14827 204
8933 140
3416 69
10854 221
6150 131
6384 84
11143 162
10216 186
507 122
13564 117
7354 97
2569 106
12733 51
214 70
661 84
9657 183
4778 108
7623 139
9092 129
5288 124
5061 101
2866 99
13067 146
12470 55
7583 180
1030 166
6458 52
13601 51
7949 158
1944 108
7503 127
10343 195
12411 100
12872 139
6580 89
15088 97
13879 148
6861 44
1227 168
7990 55
3086 105
5940 123
14194 211
15457 209
1492 173
2029 149
4135 153
4299 59
7325 186
3513 118
7512 126
8676 137
5906 129
1869 157
8272 151
5514 129
13050 86
1691 155
9222 127
1132 133
2373 94
12401 143
5204 62
9820 150
13555 146
10191 226
13611 50
1426 164
10640 123
14472 122
9631 202
13849 38
10897 148
11004 181
12595 49
10223 173
5434 75
11145 158
8579 129
11099 53
12682 155
4898 112
12392 150
707 79
11881 48
4960 90
2008 137
14149 159
9280 85
6532 132
4150 128
12369 47
6624 49
14059 177
6676 136
442 100
13387 154
7672 135
4942 73
6559 158
6442 138
11413 150
3012 110
9668 140
3070 58
3776 129
5231 107
9458 146
3490 110
12236 38
472 67
2097 80
11919 148
14733 90
9017 169
704 90
580 90
11804 65
10672 193
7124 93
13628 156
5198 63
15561 198
5308 59
13572 190
6393 79
2514 100
14842 99
14388 164
8246 79
6242 49
6231 50
9960 177
5105 114
11416 151
10660 188
5494 39
3534 61
8025 134
12504 147
9968 161
8193 137
172 98
9155 83
10037 183
5313 102
15585 204
12851 57
11909 159
11894 195
15643 145
6732 137
9873 115
15192 210
9376 199
3676 147
5694 37
424 97
6684 128
1883 168
13137 153
5907 128
2895 97
1481 180
13531 150
4274 191
8719 111
14819 205
1468 175
2513 96
8650 175
7562 122
11967 52
7542 125
12057 60
7520 73
5690 44
12907 141
2458 95
11891 143
9488 120
15962 212
16367 82
7462 165
6777 115
9564 125
8861 202
15416 160
3836 68
2756 103
2579 99
2904 51
3328 61
14576 187
7188 157
15404 156
3429 106
6413 145
8873 173
14831 118
1814 137
5726 54
15458 203
13165 134
7390 64
12172 155
3475 109
1505 173
6925 167
1489 174
10622 161
5156 118
9349 130
561 99
11492 79
2635 111
10323 153
8593 198
15896 148
6096 134
9862 124
7284 123
15808 150
5668 114
3080 103
15901 162
12931 166
1752 179
13288 137
4292 34
2335 82
121 89
14887 158
12434 144
4174 108
10139 225
13760 159
4594 81
5337 86
15794 156
8924 132
10465 58
8674 138
9867 122
3269 92
8517 132
8185 139
11836 90
4058 88
9595 140
13000 135
8105 168
11813 206
4640 111
6257 63
562 101
7136 57
4072 94
4362 126
15679 151
6637 51
12791 77
4384 100
6932 149
15034 153
6797 161
1926 120
11104 51
12200 204
69 101
12518 145
9335 138
12508 153
5220 128
3813 36
16317 150
11210 60
14489 50
7645 98
4059 87
13508 156
10627 148
3241 100
4269 167
13954 120
3840 82
10397 137
8547 134
10444 157
2523 127
3516 112
1840 152
10238 150
471 69
13336 145
7681 134
12419 154
3670 67
9998 116
14840 70
1116 150
16247 58
11405 152
11298 151
7169 132
2161 118
13831 174
79 81
2258 71
10949 65
10539 187
15231 123
4747 126
11448 84
2114 83
14170 142
7911 118
3250 98
14898 162
11285 154
13463 146
16288 158
6237 53
2815 58
9707 162
11242 225
12424 155
6025 130
11228 72
2206 75
10923 194
7855 112
2634 126
6545 138
14345 115
2939 53
11740 73
15198 212
6971 72
7808 133
3200 66
5744 74
4326 74
15489 127
7089 66
7874 96
1007 48
1995 131
14155 148
14848 83
12925 111
1567 163
4170 120
12019 124
1914 178
11010 152
6711 82
13204 145
15987 91
5019 113
14956 107
9920 186
16152 141
7261 62
8974 126
4550 34
1119 146
1264 166
2936 44
12298 158
11247 212
6673 144
7036 124
6139 53
15215 99
1031 167
4624 126
613 72
1608 183
2535 47
1843 153
2369 86
5462 181
211 78
13262 152
3477 111
14817 213
4601 59
2647 103
4156 114
551 99
15296 155
5064 120
16252 61
11474 72
9340 144
6330 53
3886 211
12631 154
11872 73
825 98
13337 148
12004 91
3602 115
11790 152
3895 112
14252 154
16033 157
2333 88
1791 182
1219 171
8567 145
15019 157
12197 200
12685 148
15841 172
14588 92
13846 114
1401 172
9719 144
5836 46
9015 167
3224 103
7997 165
2648 136
15990 101
12871 138
15175 138
8451 129
8479 189
797 103
13549 128
14657 157
6496 52
8823 141
1400 172
6800 152
6056 145
1046 157
9634 193
9844 152
8216 202
3001 103
5542 124
7863 41
7232 146
6120 72
5644 131
9886 208
10787 212
5519 143
14999 58
13626 137
2581 99
4039 54
11147 153
3088 103
13155 110
2856 99
13804 133
11673 107
13965 220
2341 91
10321 150
9752 215
361 146
15771 136
11890 114
11737 73
9773 182
14136 154
2183 88
9851 141
10132 104
8916 157
12932 149
7303 126
13738 50
478 47
9825 140
7544 132
10184 187
10429 202
10130 108
14174 135
10679 198
2474 97
70 103
2520 84
4105 126
6208 85
11729 37
2679 48
3117 99
1750 179
16149 139
15288 161
7209 158
7137 61
5370 75
11093 50
11275 155
19 172
9599 150
10030 194
13860 50
8084 191
5001 130
6576 125
4803 68
10800 193
3963 102
8049 135
13287 135
5893 132
8687 136
14967 71
9856 149
7619 197
10636 123
3815 90
1793 149
16287 158
9698 167
11611 66
15390 143
8815 135
15638 70
15936 150
5334 166
7727 82
1454 173
13175 42
807 107
11736 64
1211 168
9103 125
13968 192
15581 210
6795 123
15107 123
13796 104
7057 156
6872 46
8836 127
15692 194
15734 90
4432 51
6071 73
3374 101
14604 115
11986 161
1652 177
7805 136
10399 230
15010 152
5607 110
80 84
12751 141
10928 201
8713 128
2727 101
6998 101
8981 215
4342 50
9644 181
13052 104
13332 144
5685 127
15164 148
2262 72
12117 144
12193 179
3494 106
7435 115
6602 165
3667 79
579 88
4672 105
6592 44
1188 164
10788 197
5051 132
1645 179
3299 74
2854 99
9256 186
14652 158
10987 211
2542 45
8365 90
315 100
7285 91
11636 213
7644 105
12788 125
4469 77
12078 88
16233 97
12360 47
13930 127
11355 79
14154 148
6851 104
6248 60
5413 127
5491 124
1931 111
14636 160
13836 219
12264 143
3062 62
3124 99
6792 123
6875 53
5817 59
7009 61
373 52
2403 73
759 182
8432 141
2425 45
12144 145
15777 158
1664 179
4764 111
13143 149
7570 179
13535 149
13131 159
4909 118
1581 173
13448 210
12728 58
4815 44
2818 105
4031 156
4617 127
15539 158
2639 113
1163 161
16014 48
2486 90
149 146
13078 143
11744 81
12808 152
15796 157
1941 108
7656 52
5704 46
11367 69
14090 158
3907 153
1431 166
3055 73
6566 152
15791 154
13985 45
10785 132
11476 76
15646 159
9556 155
5287 105
7499 127
11246 213
13183 123
4316 88
7991 104
10286 196
11827 170
6444 134
8431 142
2208 75
6967 57
390 159
12958 223
6375 54
1121 150
10234 152
5474 43
10761 140
14446 217
5071 76
4755 130
14246 51
6279 131
792 106
9063 139
11722 58
13010 153
7003 74
6266 79
12702 197
1028 161
13258 155
3493 106
16258 101
2803 66
11456 44
188 102
7786 93
7005 53
4945 54
9169 121
5804 138
12672 91
6240 52
14413 142
191 102
11220 60
7382 121
9816 119
9832 175
6722 33
6741 47
10791 190
6778 47
9259 166
14026 151
11033 155
3078 103
15634 51
11449 64
2885 110
6471 50
1097 150
3118 98
12289 156
11336 47
6657 135
422 97
2432 48
7999 183
10478 189
7996 171
16133 49
16166 156
3619 113
13161 141
11516 203
10840 50
10391 94
