128
128
1 162
8484 177
5309 77
11140 158
10844 60
10674 198
12011 147
8486 173
6117 70
7102 36
3672 77
10405 187
14599 123
8945 137
15422 148
4984 134
2461 94
14061 215
6970 94
12073 204
56 104
13389 154
11586 47
10639 124
8228 181
6929 155
12087 46
12301 154
4145 192
10319 161
10831 130
622 174
1725 172
5782 117
4758 110
14742 53
13014 153
12358 47
12362 51
11157 154
10422 197
3362 109
9859 119
11930 42
12449 218
13058 214
12671 98
12292 154
12287 129
4367 124
10346 188
13662 149
15211 95
6021 133
9056 157
11643 210
2330 89
9857 121
15975 103
605 65
11540 129
14195 217
1877 164
9827 190
6483 64
15952 204
9424 143
239 37
10167 200
16237 102
5273 115
5675 140
12203 187
4438 128
6374 54
11698 169
14827 204
8933 140
3416 69
10854 221
6150 131
6384 84
11143 162
10216 186
507 122
13564 117
7354 97
2569 106
12733 51
214 70
661 84
9657 183
4778 108
7623 139
9092 129
5288 124
5061 101
2866 99
13067 146
12470 55
7583 180
1030 166
6458 52
13601 51
7949 158
1944 108
7503 127
10343 195
12411 100
12872 139
6580 89
15088 97
13879 148
6861 44
1227 168
7990 55
3086 105
5940 123
14194 211
15457 209
1492 173
2029 149
4135 153
4299 59
7325 186
3513 118
7512 126
8676 137
5906 129
1869 157
8272 151
5514 129
13050 86
1691 155
9222 127
1132 133
2373 94
12401 143
5204 62
9820 150
13555 146
10191 226
13611 50
1426 164
10640 123
14472 122
9631 202
13849 38
10897 148
11004 181
12595 49
10223 173
5434 75
11145 158
8579 129
11099 53
12682 155
4898 112
12392 150
707 79
11881 48
4960 90
2008 137
14149 159
9280 85
6532 132
4150 128
12369 47
6624 49
14059 177
6676 136
442 100
13387 154
7672 135
4942 73
6559 158
6442 138
11413 150
3012 110
9668 140
3070 58
3776 129
5231 107
9458 146
3490 110
12236 38
472 67
2097 80
11919 148
14733 90
9017 169
704 90
580 90
11804 65
10672 193
7124 93
13628 156
5198 63
15561 198
5308 59
13572 190
6393 79
2514 100
14842 99
14388 164
8246 79
6242 49
6231 50
9960 177
5105 114
11416 151
10660 188
5494 39
3534 61
8025 134
12504 147
9968 161
8193 137
172 98
9155 83
10037 183
5313 102
15585 204
12851 57
11909 159
11894 195
15643 145
6732 137
9873 115
15192 210
9376 199
3676 147
5694 37
424 97
6684 128
1883 168
13137 153
5907 128
2895 97
1481 180
13531 150
4274 191
8719 111
14819 205
1468 175
2513 96
8650 175
7562 122
11967 52
7542 125
12057 60
7520 73
5690 44
12907 141
2458 95
11891 143
9488 120
15962 212
16367 82
7462 165
6777 115
9564 125
8861 202
15416 160
3836 68
2756 103
2579 99
2904 51
3328 61
14576 187
7188 157
15404 156
3429 106
6413 145
8873 173
14831 118
1814 137
5726 54
15458 203
13165 134
7390 64
12172 155
3475 109
1505 173
6925 167
1489 174
10622 161
5156 118
9349 130
561 99
11492 79
2635 111
10323 153
8593 198
15896 148
6096 134
9862 124
7284 123
15808 150
5668 114
3080 103
15901 162
12931 166
1752 179
13288 137
4292 34
2335 82
121 89
14887 158
12434 144
4174 108
10139 225
13760 159
4594 81
5337 86
15794 156
8924 132
10465 58
8674 138
9867 122
3269 92
8517 132
8185 139
11836 90
4058 88
9595 140
13000 135
8105 168
11813 206
4640 111
6257 63
562 101
7136 57
4072 94
4362 126
15679 151
6637 51
12791 77
4384 100
6932 149
15034 153
6797 161
1926 120
11104 51
12200 204
69 101
12518 145
9335 138
12508 153
5220 128
3813 36
16317 150
11210 60
14489 50
7645 98
4059 87
13508 156
10627 148
3241 100
4269 167
13954 120
3840 82
10397 137
8547 134
10444 157
2523 127
3516 112
1840 152
10238 150
471 69
13336 145
7681 134
12419 154
3670 67
9998 116
14840 70
1116 150
16247 58
11405 152
11298 151
7169 132
2161 118
13831 174
79 81
2258 71
10949 65
10539 187
15231 123
4747 126
11448 84
2114 83
14170 142
7911 118
3250 98
14898 162
11285 154
13463 146
16288 158
6237 53
2815 58
9707 162
11242 225
12424 155
6025 130
11228 72
2206 75
10923 194
7855 112
2634 126
6545 138
14345 115
2939 53
11740 73
15198 212
6971 72
7808 133
3200 66
5744 74
4326 74
15489 127
7089 66
7874 96
1007 48
1995 131
14155 148
14848 83
12925 111
1567 163
4170 120
12019 124
1914 178
11010 152
6711 82
13204 145
15987 91
5019 113
14956 107
9920 186
16152 141
7261 62
8974 126
4550 34
1119 146
1264 166
2936 44
12298 158
11247 212
6673 144
7036 124
6139 53
15215 99
1031 167
4624 126
613 72
1608 183
2535 47
1843 153
2369 86
5462 181
211 78
13262 152
3477 111
14817 213
4601 59
2647 103
4156 114
551 99
15296 155
5064 120
16252 61
11474 72
9340 144
6330 53
3886 211
12631 154
11872 73
825 98
13337 148
12004 91
3602 115
11790 152
3895 112
14252 154
16033 157
2333 88
1791 182
1219 171
8567 145
15019 157
12197 200
12685 148
15841 172
14588 92
13846 114
1401 172
9719 144
5836 46
9015 167
3224 103
7997 165
2648 136
15990 101
12871 138
15175 138
8451 129
8479 189
797 103
13549 128
14657 157
6496 52
8823 141
1400 172
6800 152
6056 145
1046 157
9634 193
9844 152
8216 202
3001 103
5542 124
7863 41
7232 146
6120 72
5644 131
9886 208
10787 212
5519 143
14999 58
13626 137
2581 99
4039 54
11147 153
3088 103
13155 110
2856 99
13804 133
11673 107
13965 220
2341 91
10321 150
9752 215
361 146
15771 136
11890 114
11737 73
9773 182
14136 154
2183 88
9851 141
10132 104
8916 157
12932 149
7303 126
13738 50
478 47
9825 140
7544 132
10184 187
10429 202
10130 108
14174 135
10679 198
2474 97
70 103
2520 84
4105 126
6208 85
11729 37
2679 48
3117 99
1750 179
16149 139
15288 161
7209 158
7137 61
5370 75
11093 50
11275 155
19 172
9599 150
10030 194
13860 50
8084 191
5001 130
6576 125
4803 68
10800 193
3963 102
8049 135
13287 135
5893 132
8687 136
14967 71
9856 149
7619 197
10636 123
3815 90
1793 149
16287 158
9698 167
11611 66
15390 143
8815 135
15638 70
15936 150
5334 166
7727 82
1454 173
13175 42
807 107
11736 64
1211 168
9103 125
13968 192
15581 210
6795 123
15107 123
13796 104
7057 156
6872 46
8836 127
15692 194
15734 90
4432 51
6071 73
3374 101
14604 115
11986 161
1652 177
7805 136
10399 230
15010 152
5607 110
80 84
12751 141
10928 201
8713 128
2727 101
6998 101
8981 215
4342 50
9644 181
13052 104
13332 144
5685 127
15164 148
2262 72
12117 144
12193 179
3494 106
7435 115
6602 165
3667 79
579 88
4672 105
6592 44
1188 164
10788 197
5051 132
1645 179
3299 74
2854 99
9256 186
14652 158
10987 211
2542 45
8365 90
315 100
7285 91
11636 213
7644 105
12788 125
4469 77
12078 88
16233 97
12360 47
13930 127
11355 79
14154 148
6851 104
6248 60
5413 127
5491 124
1931 111
14636 160
13836 219
12264 143
3062 62
3124 99
6792 123
6875 53
5817 59
7009 61
373 52
2403 73
759 182
8432 141
2425 45
12144 145
15777 158
1664 179
4764 111
13143 149
7570 179
13535 149
13131 159
4909 118
1581 173
13448 210
12728 58
4815 44
2818 105
4031 156
4617 127
15539 158
2639 113
1163 161
16014 48
2486 90
149 146
13078 143
11744 81
12808 152
15796 157
1941 108
7656 52
5704 46
11367 69
14090 158
3907 153
1431 166
3055 73
6566 152
15791 154
13985 45
10785 132
11476 76
15646 159
9556 155
5287 105
7499 127
11246 213
13183 123
4316 88
7991 104
10286 196
11827 170
6444 134
8431 142
2208 75
6967 57
390 159
12958 223
6375 54
1121 150
10234 152
5474 43
10761 140
14446 217
5071 76
4755 130
14246 51
6279 131
792 106
9063 139
11722 58
13010 153
7003 74
6266 79
12702 197
1028 161
13258 155
3493 106
16258 101
2803 66
11456 44
188 102
7786 93
7005 53
4945 54
9169 121
5804 138
12672 91
6240 52
14413 142
191 102
11220 60
7382 121
9816 119
9832 175
6722 33
6741 47
10791 190
6778 47
9259 166
14026 151
11033 155
3078 103
15634 51
11449 64
2885 110
6471 50
1097 150
3118 98
12289 156
11336 47
6657 135
422 97
2432 48
7999 183
10478 189
7996 171
16133 49
16166 156
3619 113
13161 141
11516 203
10840 50
10391 94
7671 136
2891 111
7062 150
4835 129
3401 120
9842 156
1444 172
6564 152
3539 76
10898 150
7741 170
11339 50
7125 97
15073 212
10695 118
12326 203
8920 111
9555 141
10921 200
8218 197
2817 109
15433 194
16146 47
10699 138
2303 47
10947 66
10455 141
349 50
1184 164
12493 51
12650 143
10222 177
5072 100
1967 116
1237 166
5228 141
14010 157
12151 91
3387 104
8656 160
10479 189
14550 155
5845 138
16090 210
7941 134
6857 204
4068 97
8747 167
1405 172
10570 145
281 90
16348 209
5352 96
5260 125
9391 167
14936 211
15622 95
13307 101
9245 200
2427 41
6447 135
450 94
6640 54
3288 65
15995 75
7356 73
8765 154
13225 31
14723 122
15426 151
4708 99
2999 100
3113 98
5191 104
10159 191
8590 117
11937 185
7528 66
11397 162
7609 28
5411 126
3512 104
12982 44
3457 117
16032 158
3570 52
1229 165
15294 151
2241 75
14079 105
2076 81
11703 150
10990 208
8428 139
10880 165
11758 21
1642 178
9794 162
9389 167
811 114
12344 54
1307 165
10766 139
9207 136
16240 89
9189 141
15838 210
3593 118
5863 43
15384 55
6238 53
12215 48
6587 56
3394 109
11920 152
14012 161
7701 186
13318 212
10178 206
4077 48
3148 102
3698 56
4868 130
301 98
11745 84
3560 62
11757 22
12308 145
15337 91
9702 178
11119 210
7605 56
8671 146
8845 130
6075 57
13026 124
3009 100
15041 153
13281 148
7992 123
7784 105
3896 114
11444 118
7438 173
1356 174
13167 136
13660 149
16004 54
11616 80
6903 117
57 103
1862 160
1561 164
6121 67
10968 47
15551 154
3860 114
3703 58
3434 102
13621 113
2667 55
13960 140
2694 104
12267 149
8714 129
4132 134
11987 153
16311 151
3221 103
5611 107
4414 45
1226 168
15525 158
37 100
13593 115
13421 128
14295 137
10709 59
11551 139
11685 207
7375 119
7004 64
2150 145
5300 132
15558 135
4397 142
16265 54
555 98
13081 144
13128 155
15400 160
7759 136
7947 128
2119 90
3913 94
3523 189
175 103
7001 81
16198 189
12915 146
2945 109
14243 48
11092 49
14282 146
15695 209
2564 106
1367 171
2606 97
15249 56
693 94
6536 124
5210 114
10588 48
13557 158
3486 106
14724 121
7318 167
11587 51
4678 70
12175 146
11229 75
4103 129
4168 95
6220 104
6672 151
6961 81
10546 193
12574 212
5598 51
5718 110
16352 102
11842 154
14054 134
6703 130
9829 190
9884 214
13485 44
8870 184
4067 96
13562 169
4887 110
5213 122
16283 164
13791 142
13370 121
8528 158
15711 207
343 67
11555 202
11629 95
15733 92
812 114
1309 165
8616 161
8472 208
1064 157
11447 98
12096 57
7293 129
10614 175
5113 106
8831 144
5447 97
6702 114
14466 122
11982 164
12677 152
24 115
13219 233
6310 146
8832 145
259 157
12473 58
7690 125
9441 158
8733 204
3675 118
9325 147
11354 82
1467 175
1078 153
6336 33
7913 114
7664 74
894 201
6644 61
11592 59
6507 47
2956 104
13272 148
10369 133
8751 49
4535 139
9321 153
11701 169
6850 55
1157 167
2504 103
16184 155
3172 47
3208 105
12990 44
3079 102
8580 129
16109 104
8970 126
3789 77
13172 139
7989 75
5357 122
7140 61
7753 148
9116 206
3609 114
3738 117
15698 207
6361 49
2141 88
15992 93
321 101
12605 51
14953 194
12722 51
13247 140
12281 100
7780 104
13018 153
6019 133
7621 115
8072 130
9444 148
11539 133
14458 73
6940 128
11943 199
6895 57
14047 138
13973 87
3979 123
10933 83
14396 163
2368 89
2934 58
13987 50
11422 153
2153 136
4065 72
7178 124
6424 141
16150 151
10005 101
3827 56
4393 139
16246 64
631 178
6190 130
12494 67
15717 72
6320 137
16245 73
15454 213
1276 148
1755 179
16178 154
1364 169
6813 131
73 93
7612 129
8012 154
652 158
2511 117
3584 79
15012 147
15728 92
12554 155
3413 57
10255 109
4919 123
6938 140
10435 53
11679 105
14670 132
10203 128
13358 50
11845 169
10690 81
6654 117
11204 46
10328 145
11941 202
7561 123
3937 85
6412 125
1326 172
15664 156
9651 181
8535 137
890 156
1711 168
1133 132
1586 172
11778 153
3220 102
3832 59
13039 139
5137 112
2762 136
12888 152
14944 210
5087 91
961 128
3153 117
4666 113
7336 173
9431 149
5067 60
769 155
8143 151
7227 54
12051 150
1320 172
5506 134
13865 51
5926 143
13140 151
4964 96
7392 59
12304 142
13707 218
192 103
4653 144
5712 35
11812 205
16165 154
12971 207
4287 36
2182 92
6334 48
14908 150
7441 177
566 100
1395 175
11814 200
11560 196
4023 93
6093 56
16373 55
7555 130
2160 123
168 97
13393 150
10453 142
5485 91
1501 177
1527 175
12774 140
5858 73
4874 126
13468 43
6368 55
15451 215
10409 183
3638 111
6648 110
3371 99
931 135
5074 44
6155 129
1917 177
9401 158
13398 148
7482 22
4991 71
6845 74
9910 177
1987 126
3765 110
11582 58
7379 120
9547 131
10654 103
10445 155
7172 130
3203 106
14150 156
13119 108
1473 177
2619 99
1500 179
10599 204
14318 215
7958 177
13160 139
12311 145
11517 198
2911 91
4649 106
14304 116
15872 46
7802 137
3389 107
15064 210
5347 125
1087 153
4457 73
922 135
13711 134
1808 144
3801 135
5483 43
5020 115
15299 148
14796 130
3634 104
190 100
14141 160
8056 139
6770 64
8271 153
10274 200
11622 71
2459 95
9527 164
2087 81
2925 47
5407 132
13464 150
15486 121
8896 113
7523 54
7890 140
15974 88
217 58
15083 85
6315 130
8550 137
11684 187
9110 209
5679 120
8333 115
7935 136
4794 118
7533 100
3197 75
851 89
8280 143
2446 99
13152 151
3252 97
3608 114
7919 128
5837 113
15675 154
1003 56
3360 105
602 60
7280 126
8496 56
9537 141
15062 209
10755 156
15172 148
10450 145
6255 62
15077 206
10149 184
12969 197
376 89
2382 109
11966 53
3814 79
6153 132
3298 56
6494 47
8256 111
11837 108
1933 115
10908 150
666 87
6603 192
10407 162
1908 169
5233 109
4772 102
7597 82
6170 141
11382 209
10488 165
10253 112
13176 49
14564 211
5928 119
5415 130
14406 151
1649 179
9696 156
9996 118
5276 119
7173 130
151 102
7797 134
8588 127
10420 184
2965 100
2640 108
10050 206
1688 156
3630 85
2112 84
15123 48
14654 162
5768 129
2239 79
13363 51
15190 208
6577 122
1836 151
7463 179
6535 126
12066 185
8196 130
14620 53
1036 154
9119 205
8850 206
11409 145
14997 44
10775 140
5683 121
6752 53
13974 39
15887 52
5271 120
9645 163
15782 158
14188 202
2252 80
13518 153
9611 127
16375 52
11253 207
4891 113
12995 127
7216 77
12166 155
600 62
13600 47
6645 74
793 106
7816 129
9020 160
11376 213
11630 148
1404 170
1461 173
7977 161
2176 61
7423 131
11749 76
14077 105
8859 205
14268 164
15524 158
10018 202
2886 118
1922 116
14191 207
9412 116
6897 81
15007 88
12015 147
1510 170
5696 55
5947 76
13627 147
6965 77
9716 150
7535 85
6548 136
14826 211
882 89
9048 116
7206 169
15780 158
8969 127
8214 187
12979 56
12128 155
10611 184
1722 172
5101 142
655 131
4148 202
14482 40
11706 165
2598 97
15214 93
5338 136
5028 108
7161 86
881 77
15102 77
10596 153
5002 129
4111 123
14710 60
2791 45
11286 154
11922 146
6742 49
245 33
5284 119
6345 67
10327 129
9964 170
12447 193
12975 47
15506 53
8043 130
8324 131
13499 135
5716 117
8275 146
15687 182
8721 199
13800 122
3596 119
2281 65
582 87
6526 117
8518 122
13971 160
14544 132
14546 133
2567 105
9567 172
16216 213
1493 171
7501 129
11997 61
12239 41
3491 109
6323 72
7702 187
9675 128
3207 107
9393 181
16136 50
4157 136
82 80
13482 50
3105 101
7153 123
5943 65
6317 132
13731 48
788 109
7018 51
15402 158
12673 154
8297 132
12750 139
9885 210
14474 114
4302 61
12584 156
12950 144
14909 155
14672 140
4569 72
2344 92
6239 51
5516 130
4661 130
2835 101
11968 61
1331 171
9505 196
4429 63
10431 195
1010 56
14542 140
7850 163
10571 149
4216 46
15730 105
1831 145
3028 69
8468 193
9408 118
14236 56
3051 50
14630 153
3592 119
11467 65
9200 142
14181 97
3157 115
13657 148
12397 146
325 98
3604 114
3436 111
14983 124
7083 139
14701 203
15272 159
14408 149
13371 144
14182 101
410 92
6030 141
12178 143
14165 142
4597 103
1379 172
10536 191
13663 147
3283 48
11265 154
16105 93
15320 208
953 131
8305 139
13065 151
11593 57
12564 147
6531 130
399 163
1032 168
12598 58
679 96
10456 112
13842 148
232 133
8082 191
1070 159
10833 114
3187 49
13028 114
4751 126
15706 214
5211 136
15938 140
16137 51
10138 149
8804 139
14042 144
2650 115
6159 142
6209 91
11548 138
6088 51
458 81
309 103
8434 141
13793 141
3662 97
2608 96
13223 119
2518 125
11263 185
12340 46
15380 54
5439 85
15174 139
12923 101
5809 126
11681 71
15792 155
13466 141
15520 161
14043 143
4527 131
4226 130
3912 74
1182 163
16194 139
519 158
8524 178
993 125
7768 127
10440 155
5312 80
835 80
8342 204
8578 130
1316 169
7614 177
10227 164
13295 132
2406 67
3210 104
9461 143
12034 154
2652 99
1767 177
1482 179
7098 89
3888 176
7415 110
3820 51
13532 149
1774 181
7752 151
7385 109
5079 171
15939 135
2764 114
3202 106
4195 61
11541 133
8849 166
7839 187
4731 78
11799 55
1771 179
3331 111
3566 39
14296 135
4230 129
15969 124
13240 46
6245 51
1524 176
14379 148
5060 84
13797 90
984 135
3838 73
6018 132
5120 47
1907 167
3260 103
5737 130
1455 172
7487 176
3927 82
2409 41
6560 181
2915 83
10803 60
7675 135
13891 153
16010 51
12157 190
10469 204
7912 122
10122 118
1729 172
10112 150
11236 88
6694 149
8298 133
3101 100
3280 99
7754 147
303 102
4827 143
7942 134
11137 152
8488 166
3219 101
5170 128
2075 82
5536 118
10579 136
7541 104
2872 101
2350 87
8720 144
2589 94
1980 124
8166 127
15970 37
11333 51
1140 116
11014 162
670 83
3696 56
229 128
12187 44
4539 124
5793 134
11266 153
13588 147
10747 170
5983 47
4729 65
9268 182
2508 100
3716 123
2677 55
10446 153
4686 36
11530 157
15456 212
12855 51
14202 59
10708 95
8222 195
10929 185
9419 141
11076 43
10634 128
13722 37
4291 57
11959 44
10671 193
877 51
14932 196
8531 153
6293 132
15693 197
1565 164
9640 174
13952 119
15814 166
6827 163
10677 193
5825 65
8184 140
2306 100
4633 115
15467 100
5801 119
4021 82
15627 58
16140 46
16151 145
5820 49
6440 147
13005 163
9077 136
13927 118
10920 203
4564 55
16322 135
1545 162
4416 90
3826 51
11485 81
6515 46
4814 41
3568 51
4140 174
14208 89
8328 131
13210 147
14847 80
1881 163
14987 93
12536 104
15708 207
14954 175
10545 191
7107 178
7099 63
4243 119
1518 178
7054 169
767 202
5568 80
7116 80
1035 160
1633 177
5135 125
6113 61
3537 97
6478 213
15087 99
9360 121
7493 128
8614 179
14996 47
6638 56
885 116
2001 133
1852 156
15424 156
1570 168
9680 135
13147 153
282 91
12933 148
7881 156
4819 145
15367 137
3719 121
9786 193
6973 64
8601 197
11008 170
14124 128
10430 199
12688 143
11428 205
11572 136
7695 178
14231 47
8168 122
3514 124
5052 118
2077 81
3960 46
10733 201
8042 131
13395 149
7342 117
3006 102
1369 176
2498 90
7951 186
9613 126
1491 171
14183 105
3123 97
86 72
8356 178
485 78
9681 117
5674 119
11408 148
10845 60
757 171
11211 56
4468 54
12420 152
9013 186
12492 46
2826 102
13979 52
12658 146
2946 106
15148 156
9126 179
7088 86
9161 146
11549 140
6584 73
9797 166
13586 145
12986 52
5748 42
14346 111
3468 114
347 57
5098 121
6821 161
13409 149
9293 134
14253 146
3862 117
5775 124
4261 117
15889 45
16065 145
4584 89
13364 54
8536 111
1000 75
9354 127
15908 156
10348 186
2324 88
5225 150
8668 139
2489 92
9584 151
9072 138
1252 163
3579 85
2437 102
7129 82
3561 66
12524 147
4308 132
1023 165
3805 127
14184 118
9149 171
4339 75
2293 88
7117 76
7431 127
3897 115
15159 163
2418 52
11498 55
465 74
9800 154
13516 152
1716 168
6803 140
15579 215
4788 129
3130 100
13497 144
11690 203
8667 139
76 78
2106 86
5627 44
3189 58
12451 202
10503 114
13290 138
6551 138
6480 79
15162 157
7948 115
15668 159
8000 194
7225 84
18 173
13823 126
4936 73
4496 125
1623 179
10212 204
16122 67
3642 117
14055 134
1045 156
5049 132
8367 81
4852 54
8761 183
11146 155
9517 174
2257 94
11999 61
13453 141
4706 133
14311 125
4083 50
12221 59
10115 109
14471 122
3077 103
6923 121
5219 163
16221 210
405 82
3540 46
12070 198
2358 84
712 67
4607 78
1136 125
8141 159
5041 135
4775 106
3405 95
11040 157
3942 75
4966 143
15712 206
14417 139
11305 192
15941 148
10160 186
2642 112
4986 101
2728 100
8611 186
5769 131
16296 156
255 54
6948 175
12946 142
4536 108
7601 111
13712 139
1448 172
4090 40
9324 148
2574 104
9925 216
4682 43
2867 97
1838 152
15378 48
10790 189
295 99
2611 95
2217 79
12994 100
4659 113
3842 125
5092 135
9087 146
6402 133
13529 146
5623 51
8293 128
62 101
15391 140
1972 120
12771 115
3246 99
2982 99
499 146
13898 150
523 169
3951 46
4040 88
4073 47
7652 75
14329 49
5189 104
785 104
9480 127
3871 98
1495 173
12675 154
7334 161
616 143
14960 108
1943 109
15247 54
8769 53
2900 58
7033 39
10072 109
15076 208
2307 98
13324 144
7932 137
3385 99
8669 139
2000 132
10476 189
1327 171
12718 212
11429 188
11194 53
15790 155
11623 70
8708 129
240 34
8753 93
16380 53
1329 171
4471 51
14706 112
10427 207
10188 198
9353 126
7458 176
7165 128
9971 156
15906 156
5058 76
13788 145
7399 90
10003 107
14981 125
15131 52
1153 162
12276 83
10828 131
5317 119
11398 160
16347 205
4466 68
1288 159
14094 224
2824 105
7556 131
13598 47
12364 61
1807 143
13390 155
2501 103
2131 90
12569 149
10043 200
9582 155
16141 47
6520 86
15576 210
15671 159
10641 124
12721 52
226 53
9265 198
2599 98
13045 102
8586 127
16280 156
6977 94
14382 156
7585 189
7051 118
7532 98
225 48
3314 61
16284 163
9917 194
13475 34
5281 121
13999 147
358 136
7572 184
12985 51
11258 197
7925 135
1124 135
5161 128
8752 24
11045 185
12065 210
11670 100
5894 130
12232 51
8996 177
7076 170
12139 142
3732 116
1051 153
4131 127
10250 114
921 135
10467 85
4444 135
11388 197
6281 129
14230 41
12463 194
5395 113
8186 141
16291 154
14430 122
12679 152
9695 165
2775 112
306 103
12314 108
318 99
292 99
12131 162
2822 104
13022 153
4082 49
1656 176
7929 140
10412 191
5787 132
15515 148
9190 142
1306 166
10128 110
10572 149
230 140
11714 116
14613 53
7121 79
12282 90
8793 112
13106 50
7397 63
15843 42
7801 138
13949 101
8248 165
8852 196
7017 47
11012 160
6302 128
6615 74
6539 128
5432 114
16321 137
12410 104
290 100
14000 153
4167 116
2816 66
8806 142
14309 81
4834 137
8631 182
7700 186
1878 166
14276 153
10691 116
1974 123
1537 171
6251 71
6826 146
5477 116
6607 27
11932 45
3932 104
11506 211
2237 76
15342 107
4753 123
11356 82
15842 80
14598 122
13851 47
6775 114
3056 55
15463 80
15605 94
15606 92
6561 164
9792 170
10373 103
4980 38
1240 169
4445 106
12189 45
12701 212
14877 52
11340 48
8029 124
10941 202
5456 74
8360 165
4893 113
11619 80
2111 82
12725 55
4792 114
10073 133
11709 161
10836 46
14169 142
12174 149
7687 128
199 101
9872 115
11694 171
8291 127
3422 52
7905 63
12359 47
3495 105
16131 53
15825 207
3268 60
2774 109
14095 222
6304 119
9366 215
467 75
6734 26
9168 115
1181 163
14939 212
7916 124
8949 137
7362 178
12191 116
14669 136
5455 86
307 105
4797 129
15125 51
1478 181
665 85
3781 178
4013 194
10175 188
9421 134
8377 147
3501 99
5590 96
2035 150
9054 156
15024 160
14655 160
2549 44
15686 147
14993 55
11951 84
16064 143
5039 106
3481 109
13539 123
15101 69
5115 141
14978 124
1754 178
10442 160
12805 152
7824 185
13863 49
1040 158
10495 155
2994 100
3532 99
7575 182
4676 55
6743 53
10118 113
14558 192
10010 231
6641 45
12794 97
3143 156
2 160
15961 214
4270 170
9660 182
9765 192
10498 143
8303 139
7500 130
11865 42
7878 142
1921 118
11073 60
8987 206
2702 102
12826 143
1776 177
5652 122
4813 40
10868 193
3178 47
3209 105
8680 140
13164 134
9637 192
16381 51
13079 145
5268 110
13558 137
15000 52
438 102
5565 94
13293 132
4246 121
3437 96
9999 114
5471 54
1135 127
15641 119
6719 83
13061 159
10200 111
10102 156
16017 47
12132 161
4756 138
8235 167
3905 154
1887 165
9179 124
11387 200
14740 53
2622 100
4793 108
2436 103
15931 152
1607 184
14260 167
6199 46
3906 153
11712 128
12634 156
4688 49
14011 163
6596 35
10245 109
9450 156
4074 64
3533 62
14732 126
12839 197
2894 94
7408 131
12116 143
8771 196
2748 102
15880 47
6529 135
638 177
89 56
15912 158
16155 165
4912 103
5438 58
607 73
4621 128
6449 122
3559 65
9034 162
14760 152
15516 150
5223 68
13116 46
740 62
11264 182
2449 93
8447 140
8934 139
6441 142
8192 134
14332 80
14651 152
11471 74
8522 177
1918 174
13066 149
13647 152
8041 125
11935 34
4324 143
7448 176
8503 181
5867 51
5938 133
1504 175
14298 131
5878 45
575 100
990 128
10013 212
16027 164
1892 177
1844 153
16261 47
9923 192
11347 73
3708 54
10362 157
2116 87
6406 131
10510 110
11948 215
782 135
448 102
11048 203
8054 139
9612 127
8263 146
6681 142
6246 56
11090 48
13554 136
75 83
13938 166
14326 183
3502 100
1686 154
9507 190
360 151
3317 59
3296 67
4153 97
7998 164
8409 145
3161 48
1475 177
8326 131
10304 189
1823 138
7603 52
4765 112
3291 69
8816 133
4353 134
187 104
14127 146
13462 145
14467 121
9744 118
1110 155
7309 179
11561 199
1560 164
9854 147
4829 113
14955 140
14385 164
871 47
4000 199
13723 45
6555 138
158 90
11568 94
11755 40
12532 105
14392 163
2626 97
3742 112
11954 165
4760 113
814 118
12107 56
13362 52
11554 122
4101 128
5798 142
11077 56
13658 146
14829 147
11235 92
16214 211
6185 146
3388 106
10843 50
15824 204
5958 47
8240 97
12288 165
5978 45
4709 104
4646 104
10461 44
7968 186
15559 161
8731 204
6898 89
16143 46
6724 71
14808 207
6262 42
3149 91
12798 107
1928 113
2871 101
13914 146
906 166
2519 112
5961 45
10996 199
1418 160
1945 110
7168 128
2531 91
3763 102
1558 164
1574 173
2164 122
6420 138
6037 125
7737 106
7599 61
15512 68
10940 192
6578 71
5628 47
4272 174
13805 157
10313 171
15355 75
4644 104
15726 91
4953 130
9143 162
13257 156
15153 159
13403 150
4822 32
2184 89
9223 128
3073 109
12572 113
6989 62
4239 124
8285 134
16224 144
13659 147
3151 92
7451 195
11312 136
14778 150
9365 234
4214 55
5048 117
11127 199
16323 132
3036 78
1094 153
14256 157
12800 101
283 93
15304 138
5133 129
15014 160
8345 201
10858 206
10965 48
11049 194
12213 48
2517 102
6600 122
10999 194
14526 162
750 147
213 72
15867 98
2266 79
11595 62
8079 190
10814 205
1646 180
2439 103
929 133
15379 56
6085 53
1334 173
15988 102
11441 136
14538 145
2536 45
9845 151
2366 88
6749 62
14522 148
14899 163
15680 154
5730 69
6082 35
6505 47
2250 80
13835 221
2434 106
978 124
4858 73
6871 48
4801 69
7630 131
5428 131
4411 178
10811 212
2660 34
6636 52
5880 42
1254 162
1462 172
8566 143
610 49
4724 115
16056 156
6089 48
9908 183
7525 50
1429 168
3247 100
15851 92
10626 153
10155 188
6806 139
2838 101
12295 155
7891 136
8226 183
6116 70
14475 111
3418 80
12747 141
10457 61
4182 71
8262 131
1521 178
14692 203
11796 112
3525 169
3857 118
15768 122
15683 142
5682 125
7101 62
2199 79
1674 156
13757 163
15751 47
6314 133
4434 57
12883 156
7037 126
14912 155
7086 110
12100 82
11078 79
394 162
3083 102
12091 55
5446 98
8596 188
13878 134
1384 176
5636 132
4884 127
13273 150
1239 167
12980 51
690 103
16241 92
9586 148
15749 94
8966 127
4409 186
10799 195
10723 48
4691 94
11991 104
729 78
611 47
4675 68
29 93
16043 157
4563 27
12047 147
4474 57
5571 48
5595 46
4935 93
10067 190
5911 124
7961 202
10044 198
10376 108
3704 65
15283 159
6706 68
9195 148
3163 36
3337 109
6793 122
7433 123
13107 50
9802 141
14451 196
577 98
6915 129
5972 183
7148 70
12497 133
44 99
6960 82
13680 132
9828 189
1380 171
4692 80
5614 158
9758 207
7955 192
1591 174
11931 43
11233 90
1257 165
10718 61
14287 144
13607 48
15918 154
7610 94
3725 121
3338 110
3453 51
5634 134
16259 40
16199 189
11808 36
6067 130
74 88
7711 188
5638 130
4499 124
737 87
9081 142
4275 186
14462 99
6563 147
11494 67
4096 62
7262 58
8258 48
197 99
5398 121
7569 185
3302 103
1998 131
4190 122
16129 166
3631 89
2653 82
1439 165
10047 192
14338 123
3884 215
9468 141
8301 137
15697 206
2340 92
9838 161
13536 148
5796 137
10403 196
11603 61
4034 147
13991 46
7657 48
7074 177
14963 91
3571 56
10819 156
9022 129
3757 128
3902 113
674 94
13075 143
1849 155
748 138
5647 137
8074 130
4540 117
12906 140
8709 129
4038 97
90 56
8922 127
5879 47
9603 126
2372 92
12625 147
109 30
6313 142
14602 120
3874 141
6680 147
3583 97
12129 159
11598 62
15587 169
4992 71
10706 134
9883 211
5601 51
102 134
8153 138
5056 94
6439 154
15278 157
14135 164
3761 77
6751 57
16294 157
14101 39
14748 48
8985 202
964 122
15899 148
15157 162
8404 150
8260 111
8743 177
9479 126
1766 173
7096 42
5944 75
2314 97
14574 213
4377 126
12095 63
8148 142
3797 71
13703 221
16376 58
6210 49
7697 186
4507 104
15419 151
514 155
14765 159
13198 140
14216 115
415 94
12567 144
13566 111
1138 122
8033 72
6852 111
6132 52
10653 114
7720 169
8600 202
12821 143
14380 145
4997 130
11351 77
10247 109
8290 134
974 109
7718 173
10998 197
7508 125
10438 135
2402 86
16217 212
7554 131
10613 177
3521 116
12124 157
1419 160
3562 59
1956 112
5881 43
9814 189
14084 118
12167 156
14653 163
16189 147
3240 99
16207 207
7918 125
7620 131
7391 64
10850 51
3214 106
4303 58
8860 204
908 153
2960 100
1698 162
5069 79
14024 151
8757 185
3981 125
7324 193
9282 134
9008 162
14336 80
935 133
14503 144
14781 158
3092 101
14120 48
11144 161
11717 92
10838 52
3000 101
608 62
7221 55
5833 48
4251 141
1287 162
11983 164
10093 174
4989 68
842 63
9945 137
7798 135
9767 180
15173 145
12893 153
1739 177
15935 143
12755 157
7319 164
4458 87
397 170
8728 198
6201 56
6568 151
3728 118
1700 166
1185 164
8349 196
15185 195
6328 48
166 98
15163 146
3569 57
8392 160
3024 76
5187 108
9286 123
3081 102
12134 156
9472 146
201 91
13308 113
2363 92
16253 55
14399 156
2584 98
15696 207
13721 41
9726 146
14803 197
3949 57
10357 168
9594 138
1105 147
9801 146
12234 44
8080 189
4227 129
95 47
3393 95
12561 145
10123 116
339 77
5874 52
3443 59
12303 145
9895 182
11112 228
4944 75
14949 208
11124 205
7750 137
4987 94
12848 50
8926 154
9447 161
11182 197
194 97
12114 142
9805 135
13513 152
9140 186
4378 117
7138 58
8500 109
11544 140
5532 124
4271 173
3482 110
12509 154
1983 125
12422 152
7580 189
4965 122
3863 117
13506 159
5464 82
14747 48
3877 198
15375 54
6700 155
11106 55
7830 193
3044 65
12488 51
7514 114
9326 147
15876 100
1056 152
7745 184
9551 126
3661 73
11018 152
16269 47
14783 157
12784 138
1463 174
7250 109
5403 119
14698 211
15279 157
8393 173
8711 128
14626 29
9065 143
12593 31
14910 155
667 89
1721 171
12955 137
8231 167
11844 163
11691 203
5904 126
11105 55
9202 138
527 151
3150 122
11053 201
5238 106
6848 57
606 74
5362 103
5513 129
7419 130
6451 74
9417 137
15158 162
7615 184
2877 103
2568 106
5055 68
7703 178
11436 204
5585 40
10586 49
7060 150
8811 140
3344 109
12902 139
10166 197
9587 148
8629 171
14713 66
8792 101
4435 75
11970 75
6016 94
9721 140
2809 47
5660 128
6805 141
13908 147
4106 124
10229 163
15160 164
122 76
15319 208
1336 172
14572 215
1234 165
14193 207
8170 133
13643 150
7320 169
4833 135
3195 64
6606 81
7897 129
14004 148
11460 46
8902 153
9575 165
9162 151
7416 130
12899 112
15589 42
16170 157
8577 131
13001 141
12921 87
11331 49
2825 104
4286 69
10413 196
5608 91
6493 55
417 98
9650 182
10441 156
12596 53
9686 209
15322 211
6766 51
15732 94
2507 106
15447 209
6269 95
3368 101
11400 159
9796 165
15972 64
12803 149
3204 104
695 91
4767 115
9044 154
16024 148
7868 159
12837 204
9795 160
11841 152
9371 206
8383 131
1817 137
381 73
6235 53
9840 158
12661 82
3551 63
12670 104
3611 113
7290 124
1332 172
15250 49
10071 158
15323 215
7717 177
1748 178
6583 76
14920 142
4924 128
421 99
2745 101
1734 179
3695 54
7504 127
4029 116
6762 68
5988 44
11277 149
9206 135
11020 145
4273 190
8321 129
9554 103
1529 178
10530 205
12866 42
15274 156
845 58
2616 97
3409 45
7302 129
9448 162
15819 194
10895 145
185 104
6764 62
13420 132
2746 103
2214 77
1349 178
7041 131
2799 47
5077 53
14017 156
6874 51
9288 136
13576 216
7531 87
10382 107
15754 57
4850 114
3526 146
13569 100
1106 153
14305 113
1736 180
9406 182
13151 150
2833 99
1357 174
9000 175
2776 109
14980 122
8729 202
15097 103
10097 167
2698 102
1271 156
15544 159
12976 53
15927 158
7218 59
13779 148
174 103
14642 165
4296 85
9261 49
9178 130
6167 132
11830 83
15546 159
7975 178
2481 94
11482 78
4626 125
7050 124
14414 140
15735 92
13871 76
11011 156
10317 160
7595 140
3450 54
10096 168
1445 173
2401 136
2661 44
14433 158
6814 179
13249 131
1272 155
15770 145
9042 149
10368 156
2576 99
14429 120
4117 121
15716 45
8961 129
13384 155
3858 116
4863 80
9504 202
640 183
16114 95
5616 66
261 156
6254 58
7882 155
8607 188
11925 106
2019 160
10915 170
3651 150
11606 63
5324 47
3664 98
3104 100
11231 87
12227 65
11433 194
3074 106
2159 119
5777 121
2070 82
11803 63
7480 58
11100 49
11434 200
15387 94
16126 57
4341 60
13583 142
9694 160
12502 146
16073 189
13624 134
408 93
10062 209
6556 134
12614 53
2930 75
2015 137
10951 103
15474 76
549 100
13447 216
15195 213
15144 160
15496 42
8109 116
1402 172
3650 169
10466 50
16229 86
15761 49
6388 41
4323 119
14952 202
15420 144
2593 98
9876 106
9520 180
12466 31
7799 137
11753 58
1669 154
156 92
9888 205
10508 112
11535 150
4552 38
7287 48
6001 55
8485 179
4454 71
14521 153
8477 199
8167 120
13843 149
15182 194
2580 100
11590 63
10193 196
10835 57
8320 136
3754 129
8433 141
10267 102
11635 216
12581 205
16251 70
6754 49
2888 110
13133 157
16019 59
12231 52
145 174
2497 93
4804 71
15994 89
6010 39
15005 42
4976 130
12041 157
7066 140
5285 118
8053 140
7632 130
12914 142
10351 181
859 95
1344 175
15806 142
15690 195
10827 130
11257 201
5700 46
12160 219
1694 157
4500 121
3262 103
9029 152
15438 193
13416 133
13229 50
2670 44
8292 125
11860 41
9858 120
11332 45
11148 149
8470 210
9777 184
10341 200
4075 82
994 118
3183 50
8905 173
594 68
2840 100
815 118
6045 133
4796 136
9499 208
8717 129
94 48
14703 154
15437 192
15223 109
12145 149
14116 45
3572 72
10220 180
7492 199
4112 122
15580 211
10829 132
14716 107
8004 81
12475 59
6904 124
6713 63
5686 113
7158 112
5063 83
2937 47
11720 73
1557 163
4518 111
14560 210
4763 115
641 156
16355 81
11304 193
12125 157
3158 95
13254 159
4351 39
16038 156
6486 54
11764 221
1984 127
2649 144
4318 98
10692 125
4304 75
11990 116
8975 126
6450 115
13135 154
4754 122
1228 165
8174 136
12738 54
1579 172
6198 61
5088 64
317 99
10019 199
13733 53
5217 41
6733 46
16062 141
10767 139
13880 154
12712 173
8315 139
9105 104
14935 208
904 169
6968 67
3400 83
4685 41
10603 198
2456 99
7403 110
9806 132
15377 47
6691 153
10906 153
5451 109
1066 157
1667 160
3087 104
5764 131
10087 188
12633 156
5901 127
6999 95
116 37
4928 57
6794 123
4544 119
8585 127
5244 110
7417 128
2260 76
13810 144
3420 63
10712 49
15348 81
16000 51
2057 91
8093 200
3727 120
10098 164
7110 194
4583 94
11953 170
4294 90
8353 187
14401 155
1855 156
13425 129
6052 147
4609 129
10830 132
8805 140
13430 108
14142 158
346 60
11407 148
1370 176
1456 171
13867 56
13993 48
6462 55
6985 154
2506 107
2224 76
1466 174
7108 165
12940 145
3950 48
9224 125
3865 116
12680 154
7893 138
5269 118
12246 106
5366 71
12390 149
9533 177
14108 53
1902 168
16263 54
14438 187
6110 52
10301 199
8022 141
10893 144
14113 46
4866 130
14684 218
12916 132
13250 137
7731 49
5535 126
11369 111
520 159
9410 129
2864 97
2216 80
488 151
9850 142
15521 160
327 96
5131 128
433 102
12992 64
601 62
2485 90
8637 137
8706 128
7045 130
2883 99
8722 193
3645 116
312 103
14688 222
15186 201
3029 78
10707 123
1412 169
10380 108
31 89
12668 105
8830 144
7486 159
8681 139
1355 176
11284 153
12198 200
4508 109
3212 105
3663 99
7819 125
13877 126
2678 45
3530 56
7 155
1981 123
5913 128
1269 157
5719 148
14633 146
1695 157
4130 134
4768 109
13156 107
13514 153
16191 137
14373 59
8450 129
8197 131
5541 114
3075 103
3232 102
9831 180
1594 174
10401 206
15503 53
9513 169
3726 122
13911 145
5765 132
6464 42
320 105
7207 151
5741 154
6427 141
3264 101
6138 53
16328 190
4415 31
11628 47
3238 99
10520 99
11771 212
3928 103
11801 56
1629 179
13585 144
10068 194
14813 218
14823 212
4907 118
12042 157
4861 86
1876 164
13861 51
7330 185
5642 130
15191 208
4878 128
13653 144
4958 145
12275 118
15408 157
5179 104
8052 139
9526 175
10681 211
6090 47
11536 146
14946 210
6791 126
7208 172
15547 153
4890 112
13931 141
4720 41
400 157
6882 50
4551 53
8645 181
10262 99
15226 73
13602 51
2928 52
12882 157
12523 145
6488 56
8144 150
15944 191
10000 114
15049 133
11473 70
3785 71
8658 157
2659 33
12873 137
1278 148
5331 54
4196 105
14491 46
9039 145
3191 50
9225 127
10834 86
7766 132
10146 202
11495 59
12489 50
15351 97
13517 152
4556 54
7135 59
4486 130
12910 140
10057 220
6453 94
15230 102
4916 131
2509 99
1001 72
9271 171
10661 183
13625 131
526 159
10384 103
8879 29
7491 203
7937 132
2078 76
9946 141
13255 159
12316 51
9148 164
9624 225
1977 126
13668 105
8106 154
7821 179
603 56
11330 49
4603 84
5905 128
3108 100
7056 163
5558 135
15948 202
13174 60
3146 94
2821 105
14387 165
7359 144
10592 56
6909 124
15979 88
11162 154
14814 218
14500 57
5899 129
2543 44
14119 53
9557 172
5551 128
16349 210
9516 154
4448 138
694 92
9655 166
4903 107
15011 146
2546 40
12409 109
5139 116
13298 133
943 139
152 86
5992 51
7723 135
11221 64
11556 194
2417 52
14940 213
1386 176
11993 75
3660 76
10670 194
16041 158
7871 152
14117 48
9443 146
7228 23
8663 133
14160 147
1738 178
547 99
4280 219
1939 110
2896 78
3052 53
12528 143
11452 41
7424 130
15574 208
3894 110
14228 41
7674 135
4999 130
14927 195
10063 201
14114 46
12149 84
1745 177
1795 139
5178 130
11816 200
1994 132
12108 73
10326 138
3324 45
10338 49
2294 94
6244 52
11641 212
4464 85
16187 153
13103 52
944 140
6525 112
2470 95
3586 121
14244 49
5618 93
11152 144
13665 144
14504 153
5695 35
1100 150
12487 57
5341 38
13168 137
2334 85
8425 138
9171 148
3258 100
12642 112
2830 103
1068 156
4124 162
16305 151
1568 165
2808 54
8526 166
5588 177
7271 71
8077 134
3749 96
8124 188
11897 220
8180 141
15403 157
12537 106
15530 158
14805 196
12997 142
16053 155
6921 122
9581 154
4549 48
15878 48
16232 89
14754 70
9861 122
11934 45
14020 152
7442 176
4456 72
14081 122
337 78
6623 49
1214 167
7927 137
9425 111
1662 181
614 94
91 53
13579 189
11976 116
12448 192
8382 153
1780 178
6683 133
14589 99
10026 183
6835 63
12154 97
2656 44
15891 64
10417 191
13717 151
2441 102
5012 109
9099 128
13417 135
12180 149
4427 45
9062 136
9704 170
1120 147
7126 95
15894 74
10169 201
14378 155
14028 147
2291 77
9966 165
2319 94
801 104
13439 116
3168 62
14527 158
11036 153
533 84
12432 145
6790 129
4784 130
3511 107
2550 47
10009 137
15043 152
12496 117
9125 184
7795 133
38 100
15705 211
384 49
266 162
11634 222
13224 60
4802 84
11203 52
10218 182
15464 95
14057 138
6774 110
3090 101
538 91
4201 95
15434 195
6098 192
1029 165
6004 45
11977 126
4158 155
8336 193
10932 86
3690 57
196 98
5478 70
13118 87
5662 138
8400 156
10256 107
9291 147
6695 144
15016 161
15945 190
1017 90
8387 64
6924 137
10081 40
8118 97
7234 178
559 101
8670 142
5781 122
6282 128
7748 111
11335 44
14102 40
1957 113
7341 95
3973 126
10291 192
3574 65
10839 54
9663 171
6796 131
2279 93
16013 44
11357 85
2462 89
1111 157
1659 180
2761 121
13677 119
15831 212
9823 153
5468 42
9610 127
10517 103
1437 163
3076 103
930 133
7903 89
9736 127
10039 199
16299 155
13737 41
15747 129
11173 203
1149 109
3180 38
3432 71
7844 178
1789 184
1092 152
1476 178
5080 193
12663 88
2451 95
685 103
10480 185
10506 114
9234 94
13489 56
3818 38
3536 71
10042 200
4521 132
7598 91
1323 172
14931 195
938 137
8330 130
6745 64
6234 54
14210 121
9003 159
10120 116
5998 52
4948 60
15932 151
11512 209
15373 53
1343 174
11353 77
1571 169
8259 80
12477 64
3346 107
7589 164
15361 125
14442 216
5962 48
1617 177
15993 89
8952 140
13244 110
14280 150
883 101
14798 141
2577 95
8776 171
13727 52
6283 127
15037 151
8825 144
426 96
4529 138
13109 45
12085 42
6394 95
2988 98
6105 54
8962 127
7304 125
15059 198
13134 156
8872 173
4988 98
8130 50
1177 163
11879 51
7715 177
12608 51
7283 128
4954 127
4198 120
14302 123
4134 147
5512 129
2887 121
13580 159
3040 55
13833 224
1103 147
621 172
11320 58
5385 130
12222 59
2030 149
13782 146
11423 153
862 104
13411 116
7631 132
12182 140
8973 130
9709 160
10784 125
1427 164
6429 131
6241 52
14225 233
11156 155
14737 44
923 136
3834 70
7259 68
5849 54
12454 206
8435 144
13527 148
139 160
2479 96
5667 119
13901 146
12165 154
3917 94
10054 210
1062 155
3581 85
2935 54
11232 90
722 64
15783 159
11939 194
11876 66
9720 141
14791 146
5431 136
12734 52
10243 104
16012 47
6306 158
7265 64
4220 39
15846 78
5895 130
8632 183
6959 115
2043 129
11971 82
13623 139
7398 72
16181 153
7822 184
4663 107
1875 162
5580 123
1783 181
105 64
10244 107
9753 221
12017 150
5493 84
2391 114
11313 99
8251 180
5265 121
2532 68
5299 127
5735 80
5862 55
8050 140
8055 139
14864 46
5031 114
16025 141
9260 124
7920 131
9639 177
9134 55
2438 104
13774 150
11427 169
12846 102
11199 75
9789 187
15429 139
5499 44
10411 197
1637 171
2380 96
2604 98
13917 143
1130 135
13921 138
7460 179
2201 79
604 57
766 206
11114 213
8191 135
6543 150
1166 164
6329 57
535 88
12462 123
14788 152
15619 125
8236 141
1749 178
13015 150
10034 179
16040 159
16208 208
1308 164
739 69
15305 172
258 160
9609 127
6767 49
7608 34
14363 52
15655 158
13365 51
1263 167
15297 153
909 144
7291 125
12652 146
13323 141
4484 131
1218 168
11041 154
13181 119
4420 80
12772 126
5097 125
5871 93
6908 122
7046 130
10491 159
111 31
11161 154
11676 110
13905 148
10602 198
14167 141
10832 127
6267 63
4506 104
5128 130
3114 98
9571 158
13745 73
7811 131
13501 138
8853 212
12423 153
13322 140
10140 228
6074 47
15545 159
13605 50
8701 142
5166 105
7552 132
10165 188
12443 121
5727 57
15866 97
13765 151
10296 200
12714 156
16281 165
9358 126
6740 46
13111 47
5184 67
13827 111
5014 112
1197 170
11779 156
11705 161
6599 126
3988 118
14009 152
15152 159
15220 75
850 74
15399 161
15374 55
16036 155
6888 56
11421 154
6216 50
8501 129
5632 67
16301 153
5215 60
2269 67
11921 152
13725 50
1139 119
9383 187
13396 148
669 84
8576 141
5584 41
8395 180
7549 128
828 96
16220 209
8116 66
1901 167
3013 69
1847 153
14924 136
14375 70
2475 95
5046 121
14540 143
3352 105
9700 177
8737 196
13340 117
16050 154
8657 158
9606 128
15537 155
1990 130
4593 59
4430 54
6565 159
12158 210
3095 100
12613 55
2079 75
13326 142
9969 161
13348 84
9558 179
522 164
2156 138
14037 146
7260 66
9362 102
5124 131
8487 168
13776 150
6665 123
1992 132
332 75
2317 95
3068 58
2919 62
6080 61
1321 171
14696 212
2859 95
12356 50
5681 129
3169 64
778 167
1713 168
765 186
1042 157
3636 106
1425 164
12793 94
11202 57
4693 102
13795 128
10415 193
5286 126
11961 49
12201 211
1832 146
4578 111
6149 131
8478 197
3155 72
7134 62
8114 105
1599 177
8545 113
10981 36
9123 202
53 108
3641 128
4281 198
8441 140
13982 56
15421 143
11612 64
3880 206
3735 117
6534 130
8465 195
15346 88
15868 92
5457 40
15543 159
8003 50
1366 170
4301 56
12832 210
14972 76
10270 229
5383 129
706 82
1362 172
11293 153
13522 151
12253 160
2265 129
13820 90
1605 180
8112 87
1762 176
725 65
13047 49
5423 137
2083 80
12785 140
506 137
14580 123
6519 75
367 108
15746 124
10515 104
5214 47
2240 79
7865 135
2326 90
14239 51
7788 96
4899 108
1996 133
891 158
1027 155
9502 203
13792 141
10388 100
14968 81
11159 154
2870 98
1909 170
8252 186
11933 45
6358 49
2118 90
11996 66
4806 85
12457 155
11950 96
1863 162
1118 145
9728 149
7663 64
9674 128
12741 45
4088 45
4921 114
16015 48
3547 73
1371 177
16331 203
12587 128
11674 107
731 80
2343 91
6395 56
16070 187
9951 131
9714 152
2285 48
16081 209
14229 44
3121 99
15298 151
8664 93
14198 217
3319 55
11662 154
5085 210
7305 125
12604 54
6256 111
8437 141
15253 56
4592 50
14221 213
12001 73
1169 167
13909 145
15449 210
6620 60
787 109
11051 196
9952 112
12507 152
12377 148
2254 71
5236 76
11488 82
6294 137
10353 174
12000 63
5319 127
9549 125
7713 183
6860 34
7201 182
7327 175
901 159
4306 101
7333 173
5182 88
12464 197
8932 143
7594 151
3275 91
13171 141
10041 199
5861 62
10375 106
4007 179
4715 101
4855 137
11780 156
554 94
6527 120
15270 160
2081 80
8744 165
12618 58
14041 145
14421 131
248 88
9942 202
3116 98
927 133
11187 112
383 52
2011 147
2084 80
2050 94
7814 135
412 92
2102 78
10666 196
8692 142
6911 127
1485 172
368 98
11094 52
4627 121
13622 133
2230 72
837 77
1614 176
8625 76
9372 204
15865 104
4602 72
11962 50
14132 169
2263 66
13449 191
6081 37
8798 144
3653 197
177 104
6322 120
8866 194
1815 136
15039 155
11509 213
8070 131
9290 147
1005 52
81 85
7444 179
5791 120
730 80
9879 71
6272 113
13369 93
15953 207
10547 192
7200 175
11988 139
12834 204
8117 77
7111 206
10621 160
2972 102
16099 60
4389 102
12762 155
98 51
8448 139
16116 96
5629 50
12655 141
5664 124
16077 208
14565 211
15500 55
4424 87
2615 97
2573 104
15820 197
15318 207
2228 75
2533 31
4841 111
3965 98
4054 88
13096 201
2315 97
11301 195
820 108
1702 167
9137 180
15919 155
6829 124
6465 39
15983 105
11621 74
12089 52
5615 146
9868 122
7147 59
7793 124
2280 108
8010 164
4473 59
9296 125
4931 51
5951 63
11505 211
4677 61
4403 165
4555 49
5995 37
10801 208
1057 151
4789 121
11309 202
4160 148
14444 217
8078 193
16 163
2329 91
8151 142
11380 212
5587 122
11754 51
3497 102
11288 154
1388 178
10620 162
849 56
7600 73
2310 98
15633 51
9691 130
1281 167
13874 151
4176 95
12156 160
2191 83
15702 207
8895 96
13217 237
14044 142
1756 180
15924 156
1971 122
7373 122
15126 55
14334 90
11450 53
1210 168
2765 143
11645 204
5597 49
12777 144
8219 190
5282 118
13486 48
10904 153
3205 103
2267 62
12555 155
3940 123
10143 207
1117 145
7420 128
11695 86
5437 37
14204 88
11219 54
7823 183
3349 107
12135 155
9144 162
15183 194
15529 159
10051 222
12530 145
14555 181
3846 124
9911 193
3809 140
14398 161
3682 105
14125 150
14849 123
9818 176
14528 157
1063 155
569 99
7705 196
2453 95
16369 96
11702 145
10190 218
6508 49
8662 147
2143 88
3711 43
13139 152
13512 152
4923 131
597 63
13424 126
1204 169
1839 152
11368 47
8608 198
15161 162
14545 130
10282 182
3692 65
9623 230
2961 101
3771 118
13276 155
7696 183
6585 55
14223 226
9525 175
16353 38
10698 134
14643 164
1072 156
1328 171
16242 97
11359 91
13859 52
1511 173
3463 113
3499 100
8875 163
7239 121
12689 143
1477 179
11899 212
3190 50
5968 149
473 65
7566 170
6437 147
2415 47
7548 130
1519 174
13296 132
4465 84
14601 122
14069 204
12920 79
10821 138
5119 60
5917 138
5160 108
15432 171
11924 128
1556 163
5095 153
7502 128
6500 48
12724 52
16164 154
13693 100
15582 213
5327 115
15023 159
9562 173
15008 137
8605 204
15523 158
11227 66
14046 139
6816 164
15652 157
351 48
5164 134
11903 208
6477 208
9407 164
6593 45
4431 40
772 153
5127 130
1747 179
5950 61
4618 126
1788 183
7351 56
11067 112
5575 53
4011 188
9127 185
9204 138
7971 172
2349 86
10022 174
7246 107
4025 111
7564 148
2197 78
15590 81
9477 128
9957 191
299 97
10519 101
11589 61
939 137
15569 205
13423 127
15244 46
9240 211
8921 110
14448 215
2741 96
15773 160
9822 151
1759 177
3162 42
210 78
10604 196
15837 212
10119 113
9837 163
5470 53
16244 84
12943 140
12887 153
6378 53
8384 126
9367 212
176 105
15197 215
5799 144
1997 133
11839 146
16326 188
2991 101
1733 176
9220 128
4161 159
3256 101
10883 160
16343 212
4128 163
6832 103
15473 84
10724 77
15517 138
15902 160
10163 188
12521 146
5500 44
11667 129
8090 200
27 87
13277 153
4185 97
2929 52
3878 208
7157 125
12262 141
13032 141
5032 118
10896 146
762 178
4175 96
28 91
15450 212
1820 139
2759 106
7553 132
1333 173
11547 138
10997 198
1452 173
13158 133
1086 153
4620 125
11810 211
7726 111
6352 174
7437 185
1894 162
416 96
4492 125
5409 118
10796 195
12485 49
10383 106
5569 61
1724 170
3959 55
13504 162
14524 163
16249 63
4254 104
238 39
11132 187
7407 128
9462 140
7235 173
11223 68
5226 154
3679 119
2287 65
7537 70
1991 132
7809 135
4044 115
10732 203
1520 176
1635 173
13232 45
11414 148
1471 176
11693 211
2016 138
12989 46
12306 142
4490 129
1958 113
11981 156
12099 73
9565 154
11142 163
96 48
119 56
1865 161
6499 52
8225 176
9848 145
10432 176
15413 161
15575 208
13269 149
15179 189
2903 52
15793 154
2709 100
10619 164
15334 68
735 100
14628 95
5930 146
8068 131
9289 143
779 162
4051 101
13055 118
1291 160
25 91
153 85
11882 49
4795 133
4276 201
14523 153
10959 105
10984 211
14677 190
11528 159
12780 143
3657 55
1091 152
9633 196
8874 165
8422 128
8869 177
9894 178
5401 117
15954 210
1347 177
13275 151
15147 156
9889 200
11192 40
10150 184
13263 151
6230 55
6027 128
3987 119
10518 101
2298 68
6716 64
8418 139
682 96
10402 199
1372 178
12654 143
9011 199
9384 178
1610 182
4217 56
2094 79
12961 205
11346 65
3777 145
11732 56
13329 142
15476 103
12759 155
2527 96
14187 195
435 101
4102 127
9913 197
2766 129
16374 53
12692 144
13203 145
8127 197
10428 205
4497 125
6869 55
14409 147
10616 170
5697 63
10287 193
8756 194
14278 152
3300 71
12333 81
12153 82
10136 84
7115 84
12553 156
2222 75
11686 197
4372 122
9478 127
878 58
78 79
9878 92
8575 140
7637 129
14966 83
15196 215
4089 43
16018 65
7571 181
1191 168
3780 213
10452 141
6983 182
14053 118
10792 192
6946 171
15845 76
673 95
6601 136
6103 81
12516 137
12870 125
14412 144
9451 154
9305 129
2551 48
4099 127
5479 104
976 106
1451 172
10776 141
2708 99
5518 126
5709 120
3032 68
6876 55
7176 125
3386 102
7777 58
958 128
1506 173
13376 138
14455 81
5548 138
10484 173
7440 176
10355 171
3770 115
5480 144
6158 145
5023 117
7498 127
169 95
6581 82
3325 48
2685 47
7670 135
5508 134
8868 189
838 76
3531 61
14650 150
5498 41
13700 115
15110 129
12698 148
11401 158
14809 211
12456 175
9481 127
5167 124
10171 204
12861 55
15341 103
8767 135
1966 118
15180 195
9274 156
7898 124
14597 123
6651 57
10180 114
12389 144
7394 52
4831 92
8103 172
1407 171
15673 158
2219 76
16350 205
11649 154
13470 38
13664 144
11847 177
8019 143
10434 49
742 72
5248 71
12674 155
7189 159
14483 45
6094 96
4826 147
12812 147
498 151
48 106
13059 206
12928 109
1374 175
5235 78
13060 186
3909 79
5099 144
3610 114
2034 154
6033 134
11956 147
7230 100
7075 176
10982 155
14590 93
15461 83
8173 135
8835 128
7332 170
5222 93
10815 123
9576 165
12142 148
6391 51
16219 205
13881 159
4442 65
8784 160
7694 179
15799 159
5814 119
12520 146
11715 109
8490 166
5344 53
7276 101
10500 128
4570 101
7016 54
2541 57
6183 146
1198 171
14103 46
15563 194
1020 110
11201 65
7709 178
4245 123
10147 200
9095 127
8044 131
7123 88
10734 199
7864 117
1784 183
5807 130
178 105
11261 187
6102 59
8802 141
7577 164
7217 54
1167 165
13163 137
8230 176
14977 125
8884 197
11599 61
8682 141
12395 147
11864 36
6204 77
7483 76
3217 104
4498 124
5112 134
1813 138
6195 91
9482 126
2977 102
13755 167
1150 110
11848 178
14825 211
10106 147
10738 193
11785 158
760 185
5549 139
10717 57
15699 208
15130 55
11566 207
10751 165
9445 154
2792 55
3855 122
12030 212
14859 133
10919 183
8474 197
6189 136
7317 169
14895 160
14456 52
432 98
2066 77
15722 111
5860 65
4001 207
12283 80
4266 151
11665 144
1946 111
11915 155
13465 158
15535 157
886 131
6154 129
9247 201
15058 196
15481 79
15745 123
6066 130
9705 166
6612 59
15739 109
5209 184
8506 169
10360 159
15302 138
3242 100
6203 60
14248 71
6401 136
12749 139
3853 122
12319 213
5701 45
5637 134
1483 179
9028 140
5710 60
4665 120
3975 126
297 95
15273 157
4565 83
15055 196
9914 196
13359 47
1782 179
3306 61
4970 109
6043 142
3798 77
629 178
10364 154
13443 211
15111 126
13567 115
3799 93
12348 61
8233 160
7006 52
3972 127
6810 133
11866 47
11184 177
15895 125
12695 145
1301 167
12062 42
6609 40
5004 129
8515 58
6934 140
9217 130
11343 58
12106 51
3464 114
11273 160
14593 121
4063 107
4241 123
3408 75
9788 192
9597 143
5410 126
11776 202
2914 74
2282 83
12983 45
1387 177
8959 146
9922 188
4173 93
6966 62
9210 142
5168 135
1472 174
1322 172
13375 131
15417 160
11617 82
5929 140
3876 178
10156 199
5528 111
7270 68
5102 144
15368 91
2005 137
3850 120
4856 85
9722 138
3307 68
13091 216
54 108
7231 133
12324 201
11135 177
1480 181
9646 198
9486 124
14038 145
4703 136
6295 138
3599 118
13153 148
9973 154
6633 51
711 74
11175 204
13854 55
4300 56
2166 102
12048 145
7845 173
1566 163
8814 139
66 97
6419 134
6097 182
6666 124
5717 77
14739 53
254 57
3019 81
15038 156
12638 157
8993 196
5197 56
12908 141
2938 51
7789 100
2463 92
2959 100
8736 197
3010 97
12628 148
12737 55
204 75
7315 166
326 101
5350 100
9068 144
4183 86
15603 106
2617 99
14638 160
3535 80
9230 126
15937 147
7527 53
420 100
10715 52
10489 164
1898 163
15122 55
15628 60
8666 135
6834 81
11923 138
7507 125
5559 130
5138 109
15282 159
11774 207
6736 39
157 91
9174 146
212 75
4252 135
6417 136
11289 153
9483 126
13020 154
13889 155
10210 76
11815 200
4481 130
5848 34
9774 202
7452 185
418 100
5882 39
10902 153
5436 47
10496 156
13639 151
5354 130
4461 67
2312 98
13154 129
5706 60
3803 130
5693 48
4331 64
9287 127
2054 92
1315 167
12441 142
8999 178
14459 75
8288 108
2096 80
15070 213
893 172
8801 134
15216 99
8494 72
749 142
12044 154
9980 143
4559 53
6891 49
5547 120
5050 129
8073 129
7743 186
6611 55
12250 149
3919 91
13542 115
11838 127
4211 61
14957 95
9466 141
1897 159
13120 127
2837 100
6974 63
9745 117
14767 160
15904 159
13589 148
1312 167
11825 161
6992 88
13025 143
1397 171
15760 55
14782 158
8942 139
4361 128
2186 87
5989 41
11743 74
3136 99
5832 46
3624 95
9510 188
6755 50
4901 112
12355 49
12208 163
12371 94
5971 138
2515 98
12310 148
2440 103
144 171
12012 149
12035 155
7274 89
13331 145
15066 211
2400 98
7832 191
7943 132
6386 48
4335 51
10311 153
12313 126
2264 94
11850 165
6106 47
15651 157
14591 83
10752 165
11877 64
11680 100
5900 128
14843 112
15091 97
223 51
10744 176
7511 126
13807 185
11658 157
8076 118
15332 199
15614 106
1235 166
8950 139
8820 140
15178 166
2399 96
15738 111
4836 114
6502 49
12681 155
10347 186
1720 169
1009 52
3289 60
1151 112
9669 136
5342 50
2309 99
2948 103
10173 196
7984 57
5537 121
9992 120
12533 78
16304 151
10066 170
15071 211
6274 133
3697 46
7094 92
3404 93
13101 38
4636 109
8357 174
2657 49
1474 177
16309 152
7404 111
7604 52
1488 175
12601 64
14470 121
8914 155
15511 67
12037 157
2355 87
10849 56
10471 198
14764 159
6538 125
15755 54
12083 173
11195 65
7476 76
6976 39
9540 127
13608 52
3109 99
5883 45
5251 133
1220 170
751 150
2788 45
7746 185
15942 181
10513 107
13638 153
15491 126
3623 97
10911 151
5932 134
5307 64
13309 116
7085 123
3984 120
8462 112
12934 151
14541 141
11916 153
11791 152
5733 60
8782 165
2322 89
12185 97
8361 160
12970 208
15261 128
15485 120
2061 87
9755 210
1723 170
1442 167
10879 166
2753 103
2213 78
12381 148
1525 175
6922 124
10084 198
2632 109
5761 132
3231 101
836 78
6926 165
9743 119
10162 186
16171 156
2560 54
2088 82
6842 53
6530 133
10283 200
8718 125
3974 125
9593 140
4123 131
656 109
5393 121
4336 58
2221 75
3126 97
4690 81
13238 53
5194 83
11820 204
11281 145
14 160
5381 132
11584 47
12433 143
16083 209
12093 65
9880 102
920 138
13770 151
6867 64
578 93
216 58
2188 87
4452 102
1824 138
16324 159
10153 174
14821 209
9141 177
10567 128
2865 99
9012 191
3718 120
6009 38
13413 109
11430 209
8386 48
15835 209
8755 135
12758 155
11747 86
2089 81
6889 54
2733 100
4577 118
6077 88
4166 102
9297 134
5469 54
4373 121
2377 94
8415 135
9418 140
946 138
14405 153
10505 115
7072 170
13746 103
138 159
14299 130
2675 59
4355 129
727 68
11817 201
5915 143
9954 167
2170 111
10956 126
10826 130
7651 79
13591 156
14795 137
302 100
1156 167
10889 150
8208 191
3929 88
2301 58
10105 150
6250 62
16370 93
12799 104
15507 54
6982 174
12098 63
6727 139
15136 155
5053 99
6224 135
8957 145
15017 161
3294 78
3625 89
8603 203
5868 33
6671 149
13180 113
6005 48
9519 194
7365 195
2742 98
15075 209
14422 128
8655 163
10079 48
6635 53
5450 108
3279 94
1657 178
9608 129
12782 140
16154 166
8821 140
5301 123
3312 70
6434 153
860 92
13388 154
9036 155
14151 149
15118 48
3278 95
7484 133
1126 132
11533 154
8266 176
4126 188
12437 143
14100 66
658 74
11957 36
14559 203
1868 160
4732 97
8772 210
2202 77
4419 43
16271 48
2693 107
453 94
10977 52
6725 113
13034 140
1781 179
14035 145
560 100
4969 124
12376 148
5784 126
4553 36
8013 155
11902 208
2249 81
10433 130
10711 42
4568 90
2103 80
9538 138
5803 140
15115 44
6003 50
1854 156
6428 141
15293 146
650 168
4730 63
2949 105
14128 144
8855 206
11726 34
1075 157
1580 172
1044 158
12515 125
957 130
13503 157
5336 134
10085 194
11216 48
9734 125
761 184
202 89
12828 164
4873 128
8808 140
456 83
15356 94
8419 133
13260 155
13179 100
3320 52
6841 61
9133 59
3184 47
10381 108
12993 78
2607 97
11160 153
5555 120
10075 150
15991 99
6521 100
5599 49
2289 50
7732 63
8119 101
492 169
4616 127
2664 54
6127 66
10541 193
8467 197
1965 116
3747 94
8379 142
13476 41
5903 132
13239 49
3470 117
3694 50
3096 99
15639 73
5523 119
3953 59
5890 132
13634 156
15316 208
3705 58
5274 116
4404 185
14158 145
4843 78
9693 157
7817 129
15950 209
2493 95
13715 149
8661 150
13808 191
14731 121
7175 127
9350 128
3411 102
10628 145
9045 150
13505 161
1292 161
3311 73
1544 162
5936 128
2325 90
12483 49
9470 148
1464 173
15060 201
14896 161
15756 55
6044 132
15667 157
13319 199
275 149
13928 124
6807 143
7409 127
15129 53
5586 52
708 78
983 133
734 105
13316 217
3921 94
2973 101
3658 64
14623 54
12657 141
6927 159
6373 50
10675 149
10890 147
2080 77
1413 166
16123 62
4952 136
9416 138
8337 194
227 60
11772 212
10930 78
3550 60
5850 55
15339 93
9422 130
6643 48
3706 58
16361 104
6610 46
5348 109
1375 176
3956 53
4348 88
13552 125
15803 153
1705 165
6129 57
495 165
4036 70
1408 170
3002 102
5487 132
3885 216
15085 91
5613 119
1011 59
15025 160
596 67
3759 90
10601 199
12591 190
1829 147
4413 125
6822 155
599 64
2384 121
12097 57
926 134
5715 141
2819 105
7909 115
2861 100
7044 130
8091 189
8723 196
15488 102
15459 192
6756 50
15256 51
4742 130
3165 41
10523 89
11868 57
9378 187
3229 106
14915 152
14945 211
521 161
6156 130
11610 62
2771 114
6562 152
808 108
6172 134
14480 118
532 82
8944 136
14720 91
9226 126
14951 206
4208 53
12746 133
15166 154
11082 107
13701 159
12386 112
15440 204
5000 129
5024 117
10878 169
1152 113
7464 164
6059 138
14529 156
9436 122
8964 127
15239 133
3576 60
3127 99
12005 96
3326 61
9337 137
11050 193
1801 141
3498 101
857 100
10124 115
5650 124
1161 163
437 102
14749 56
2942 56
3707 63
10922 190
16344 213
11007 173
8282 142
4694 88
12008 122
4655 138
13756 165
8376 142
4664 106
8100 174
4297 100
9069 144
3293 74
16359 91
14493 53
4418 57
7895 136
6679 141
14611 44
9600 150
11543 139
971 111
3911 47
7030 121
11963 45
8159 125
7985 66
2768 118
12876 145
2027 136
15860 90
13578 210
1805 142
12987 55
7880 156
8697 141
5201 65
8160 100
12568 148
287 92
3364 105
10192 223
969 112
9899 184
4704 144
11089 42
12388 134
13633 158
8636 177
16282 163
9830 187
9955 203
5302 118
4141 187
8274 149
8533 149
2215 80
2572 105
542 90
8059 140
9542 128
13809 175
3506 102
7184 166
11523 155
13325 142
13300 141
198 103
1797 140
5068 59
6200 43
4231 127
12539 102
14050 132
146 169
12894 154
1964 115
10710 41
8891 160
15453 212
3995 112
2003 135
6956 113
9097 126
11631 195
4963 88
12370 74
3948 56
4951 129
10587 49
8446 140
5731 72
5429 115
5688 94
10853 122
3671 79
13205 145
15314 207
2473 97
12937 152
4328 62
2529 102
9770 154
10563 64
4368 122
11655 159
2200 81
9622 165
2893 126
2359 87
7496 127
9950 151
2669 48
8335 200
539 91
15915 157
13190 177
7591 165
4875 128
6650 79
10813 210
13896 151
7959 175
6765 54
13173 110
4847 114
9653 175
1260 165
10737 195
4394 141
6247 56
10714 52
633 174
6050 123
7120 73
13199 139
4053 100
5034 125
6020 132
11019 149
15573 207
989 127
6173 135
3265 99
5622 50
16278 149
10302 194
12619 76
60 103
14454 119
2800 50
3305 52
7760 136
4889 111
14468 121
7534 92
3743 113
1256 163
6271 110
9906 178
5631 33
8036 124
12353 57
12711 168
13681 131
13099 49
241 34
6625 50
9218 130
353 45
6634 51
11969 73
4895 114
16266 48
359 152
15873 117
16059 154
4975 134
8725 209
14534 153
15801 157
11802 61
1414 162
2986 98
7156 124
8453 132
10020 194
5389 128
12103 67
14348 102
2586 98
9625 212
816 117
7077 170
6899 100
4125 189
5941 116
718 54
5193 114
15289 161
130 160
14893 159
8695 143
11624 66
5147 113
6649 123
14091 205
11784 158
4816 40
5669 132
3775 119
7238 201
8546 136
11234 86
3745 105
1949 113
15862 99
4449 105
15495 91
10074 145
7558 129
10015 205
6176 109
1969 119
16067 132
4480 94
11113 215
866 84
8322 130
854 94
3166 44
11741 77
2067 76
13613 49
15092 99
13327 141
6433 170
8037 121
8027 128
11024 147
9192 149
13710 148
9398 176
6182 131
13802 125
10028 199
4512 105
1715 168
5866 53
16022 132
6073 40
8429 137
12753 152
12211 71
11689 201
9402 168
13480 56
12368 36
13936 217
11782 160
5753 46
8424 138
