128
128
1 90
8484 220
5309 145
11140 104
10844 46
10674 142
12011 186
8486 180
6117 140
7102 0
3672 244
10405 190
14599 82
8945 96
15422 129
4984 147
2461 117
14061 134
6970 17
12073 215
56 131
13389 205
11586 217
10639 255
8228 221
6929 253
12087 17
12301 106
4145 212
10319 4
10831 83
622 161
1725 144
5782 254
4758 136
14742 91
13014 223
12358 191
12362 175
11157 254
10422 132
3362 253
9859 107
11930 250
12449 241
13058 88
12671 174
12292 97
12287 139
4367 120
10346 110
13662 184
15211 111
6021 110
9056 104
11643 137
2330 119
9857 105
15975 120
605 145
11540 255
14195 135
1877 164
9827 103
6483 176
15952 131
9424 4
239 152
10167 150
16237 109
5273 255
5675 193
12203 217
4438 208
6374 141
11698 149
14827 119
8933 84
3416 251
10854 116
6150 111
6384 131
11143 108
10216 107
507 247
13564 150
7354 23
2569 113
12733 167
214 151
661 107
9657 186
4778 175
7623 191
9092 108
5288 114
5061 129
2866 190
13067 97
12470 174
7583 233
1030 102
6458 182
13601 254
7949 130
1944 116
7503 214
10343 112
12411 173
12872 186
6580 219
15088 116
13879 147
6861 187
1227 162
7990 109
3086 117
5940 214
14194 131
15457 118
1492 162
2029 242
4135 228
4299 199
7325 242
3513 196
7512 191
8676 100
5906 134
1869 168
8272 200
5514 115
13050 214
1691 112
9222 110
1132 243
2373 159
12401 188
5204 158
9820 36
13555 151
10191 9
13611 181
1426 112
10640 248
14472 84
9631 219
13849 255
10897 250
11004 128
12595 224
10223 103
5434 182
11145 111
8579 107
11099 52
12682 102
4898 245
12392 207
707 149
11881 181
4960 165
2008 188
14149 230
9280 242
6532 108
4150 209
12369 210
6624 113
14059 131
6676 253
442 138
13387 183
7672 112
4942 171
6559 237
6442 197
11413 255
3012 162
9668 252
3070 167
3776 207
5231 155
9458 95
3490 254
12236 183
472 154
2097 204
11919 108
14733 87
9017 173
704 142
580 149
11804 250
10672 149
7124 210
13628 87
5198 170
15561 136
5308 137
13572 87
6393 113
2514 208
14842 105
14388 217
8246 135
6242 133
6231 143
9960 98
5105 148
11416 251
10660 219
5494 126
3534 254
8025 171
12504 204
9968 109
8193 103
172 121
9155 253
10037 143
5313 133
15585 120
12851 225
11909 101
11894 129
15643 88
6732 195
9873 255
15192 133
9376 231
3676 240
5694 160
424 118
6684 255
1883 210
13137 186
5907 208
2895 198
1481 160
13531 217
4274 222
8719 255
14819 109
1468 143
2513 166
8650 198
7562 118
11967 121
7542 119
12057 254
7520 138
5690 175
12907 229
2458 119
11891 152
9488 255
15962 124
16367 105
7462 203
6777 111
9564 42
8861 250
15416 172
3836 135
2756 156
2579 119
2904 251
3328 136
14576 120
7188 254
15404 209
3429 215
6413 119
8873 197
14831 119
1814 114
5726 155
15458 115
13165 237
7390 149
12172 110
3475 121
1505 156
6925 118
1489 164
10622 132
5156 124
9349 110
561 130
11492 143
2635 166
10323 0
8593 255
15896 82
6096 179
9862 110
7284 117
15808 127
5668 202
3080 115
15901 87
12931 90
1752 165
13288 227
4292 166
2335 120
121 138
14887 227
12434 112
4174 225
10139 247
13760 146
4594 176
5337 167
15794 194
8924 87
10465 86
8674 146
9867 113
3269 171
8517 247
8185 127
11836 43
4058 200
9595 107
13000 174
8105 186
11813 232
4640 251
6257 135
562 132
7136 112
4072 194
4362 115
15679 128
6637 124
12791 215
4384 255
6932 251
15034 155
6797 122
1926 108
11104 134
12200 225
69 147
12518 189
9335 115
12508 234
5220 174
3813 189
16317 121
11210 231
14489 141
7645 117
4059 230
13508 139
10627 104
3241 241
4269 243
13954 81
3840 137
10397 237
8547 113
10444 121
2523 255
3516 185
1840 222
10238 126
471 153
13336 255
7681 103
12419 96
3670 249
9998 252
14840 112
1116 148
16247 103
11405 113
11298 232
7169 104
2161 236
13831 88
79 157
2258 163
10949 247
10539 168
15231 93
4747 117
11448 20
2114 151
14170 166
7911 95
3250 188
14898 169
11285 255
13463 254
16288 86
6237 130
2815 156
9707 100
11242 140
12424 101
6025 115
11228 60
2206 114
10923 195
7855 189
2634 162
6545 215
14345 85
2939 180
11740 142
15198 121
6971 5
7808 106
3200 129
5744 150
4326 182
15489 71
7089 195
7874 182
1007 244
1995 166
14155 199
14848 86
12925 189
1567 114
4170 207
12019 160
1914 208
11010 103
6711 163
13204 112
15987 106
5019 253
14956 116
9920 245
16152 84
7261 151
8974 249
4550 159
1119 148
1264 248
2936 192
12298 104
11247 139
6673 248
7036 112
6139 121
15215 114
1031 103
4624 123
613 149
1608 160
2535 247
1843 199
2369 150
5462 153
211 155
13262 207
3477 121
14817 113
4601 116
2647 254
4156 211
551 117
15296 132
5064 154
16252 102
11474 171
9340 114
6330 111
3886 209
12631 185
11872 152
825 138
13337 255
12004 154
3602 122
11790 108
3895 227
14252 234
16033 98
2333 111
1791 189
1219 149
8567 97
15019 194
12197 252
12685 103
15841 122
14588 100
13846 129
1401 231
9719 106
5836 151
9015 157
3224 122
7997 67
2648 254
15990 104
12871 173
15175 139
8451 107
8479 243
797 108
13549 173
14657 193
6496 120
8823 104
1400 238
6800 158
6056 228
1046 108
9634 230
9844 120
8216 253
3001 151
5542 185
7863 89
7232 62
6120 135
5644 119
9886 233
10787 210
5519 120
14999 88
13626 77
2581 118
4039 216
11147 113
3088 117
13155 249
2856 246
13804 146
11673 255
13965 92
2341 247
10321 0
9752 254
361 150
15771 86
11890 165
11737 160
9773 154
14136 201
2183 109
9851 112
10132 254
8916 98
12932 92
7303 112
13738 228
478 142
9825 87
7544 114
10184 208
10429 207
10130 254
14174 151
10679 126
2474 249
70 150
2520 251
4105 113
6208 170
11729 214
2679 196
3117 212
1750 164
16149 83
15288 152
7209 213
7137 104
5370 136
11093 78
11275 111
19 104
9599 111
10030 162
13860 254
8084 253
5001 116
6576 200
4803 122
10800 134
3963 140
8049 88
13287 229
5893 111
8687 106
14967 113
9856 113
7619 160
10636 110
3815 204
1793 102
16287 89
9698 103
11611 126
15390 94
8815 99
15638 85
15936 127
5334 173
7727 180
1454 189
13175 248
807 118
11736 167
1211 141
9103 251
13968 94
15581 121
6795 115
15107 76
13796 160
7057 255
6872 168
8836 108
15692 135
15734 103
4432 201
6071 233
3374 220
14604 86
11986 230
1652 240
7805 115
10399 231
15010 255
5607 135
80 155
12751 201
10928 134
8713 114
2727 253
6998 172
8981 255
4342 147
9644 172
13052 216
13332 145
5685 205
15164 160
2262 248
12117 228
12193 240
3494 245
7435 125
6602 181
3667 254
579 148
4672 112
6592 144
1188 119
10788 209
5051 110
1645 249
3299 227
2854 251
9256 210
14652 246
10987 130
2542 223
8365 174
315 139
7285 116
11636 145
7644 178
12788 216
4469 172
12078 226
16233 117
12360 195
13930 133
11355 83
14154 177
6851 162
6248 137
5413 152
5491 140
1931 112
14636 198
13836 93
12264 196
3062 173
3124 169
6792 113
6875 159
5817 208
7009 115
373 158
2403 253
759 250
8432 114
2425 193
12144 170
15777 96
1664 192
4764 254
13143 230
7570 253
13535 213
13131 170
4909 100
1581 250
13448 93
12728 157
4815 169
2818 109
4031 184
4617 115
15539 149
2639 164
1163 108
16014 79
2486 148
149 102
13078 249
11744 143
12808 98
15796 204
1941 114
7656 97
5704 174
11367 159
14090 89
3907 143
1431 110
3055 217
6566 226
15791 184
13985 253
10785 235
11476 146
15646 93
9556 1
5287 137
7499 194
11246 148
13183 230
4316 211
7991 108
10286 154
11827 141
6444 211
8431 103
2208 120
6967 143
390 101
12958 197
6375 135
1121 147
10234 104
5474 142
10761 113
14446 122
5071 157
4755 118
14246 249
6279 113
792 108
9063 84
11722 244
13010 182
7003 167
6266 116
12702 158
1028 102
13258 151
3493 238
16258 67
2803 209
11456 175
188 138
7786 90
7005 142
4945 164
9169 71
5804 220
12672 161
6240 138
14413 151
191 140
11220 106
7382 194
9816 0
9832 98
6722 138
6741 182
10791 178
6778 115
9259 192
14026 183
11033 252
3078 111
15634 84
11449 13
2885 158
6471 174
1097 160
3118 200
12289 92
11336 237
6657 108
422 115
2432 159
7999 128
10478 113
7996 37
16133 70
16166 116
3619 252
13161 237
11516 133
10840 23
10391 253
7671 120
2891 162
7062 250
4835 160
3401 180
9842 107
1444 118
6564 244
3539 255
10898 253
7741 23
11339 226
7125 188
15073 110
10695 247
12326 237
8920 92
9555 1
10921 198
8218 253
2817 107
15433 137
16146 82
10699 103
2303 179
10947 243
10455 0
349 143
1184 111
12493 189
12650 219
10222 92
5072 159
1967 217
1237 161
5228 157
14010 152
12151 151
3387 185
8656 184
10479 125
14550 148
5845 141
16090 126
7941 109
6857 186
4068 199
8747 177
1405 211
10570 123
281 105
16348 128
5352 157
5260 119
9391 180
14936 138
15622 75
13307 230
9245 247
2427 185
6447 178
450 146
6640 121
3288 252
15995 103
7356 6
8765 183
13225 126
14723 78
15426 130
4708 187
2999 158
3113 210
5191 132
10159 163
8590 254
11937 252
7528 105
11397 104
7609 40
5411 116
3512 201
12982 169
3457 109
16032 90
3570 185
1229 165
15294 135
2241 149
14079 109
2076 117
11703 19
10990 125
8428 95
10880 108
11758 164
1642 254
9794 245
9389 171
811 124
12344 14
1307 110
10766 183
9207 115
16240 104
9189 104
15838 123
3593 115
5863 139
15384 87
6238 125
12215 4
6587 42
3394 187
11920 126
14012 172
7701 254
13318 91
10178 247
4077 191
3148 204
3698 171
4868 112
301 124
11745 155
3560 207
11757 157
12308 255
15337 112
9702 99
11119 125
7605 146
8671 92
8845 197
6075 150
13026 248
3009 176
15041 162
13281 250
7992 107
7784 101
3896 226
11444 75
7438 129
1356 163
13167 253
13660 192
16004 71
11616 154
6903 112
57 134
1862 159
1561 113
6121 129
10968 47
15551 128
3860 123
3703 157
3434 220
13621 105
2667 229
13960 88
2694 110
12267 194
8714 118
4132 237
11987 211
16311 112
3221 123
5611 134
4414 150
1226 161
15525 255
37 110
13593 255
13421 167
14295 159
10709 0
11551 250
11685 238
7375 204
7004 165
2150 252
5300 150
15558 135
4397 242
16265 75
555 121
13081 254
13128 145
15400 254
7759 217
7947 115
2119 162
3913 251
3523 203
175 125
7001 140
16198 131
12915 237
2945 107
14243 232
11092 86
14282 159
15695 131
2564 110
1367 159
2606 196
15249 83
693 134
6536 114
5210 171
10588 41
13557 155
3486 255
14724 79
7318 254
11587 227
4678 157
12175 111
11229 68
4103 116
4168 206
6220 193
6672 129
6961 205
10546 128
12574 175
5598 153
5718 148
16352 126
11842 177
14054 127
6703 178
9829 137
9884 245
13485 151
8870 217
4067 213
13562 174
4887 233
5213 175
16283 85
13791 166
13370 106
8528 189
15711 122
343 151
11555 239
11629 147
15733 104
812 126
1309 112
8616 174
8472 255
1064 125
11447 54
12096 135
7293 115
10614 117
5113 128
8831 101
5447 171
6702 199
14466 78
11982 244
12677 95
24 103
13219 160
6310 240
8832 106
259 96
12473 62
7690 115
9441 115
8733 248
3675 232
9325 82
11354 95
1467 142
1078 139
6336 179
7913 98
7664 103
894 228
6644 131
11592 235
6507 123
2956 116
13272 219
10369 104
8751 177
4535 152
9321 96
11701 100
6850 145
1157 103
2504 164
16184 117
3172 224
3208 114
12990 164
3079 113
8580 108
16109 110
8970 115
3789 254
13172 253
7989 132
5357 165
7140 112
7753 205
9116 252
3609 126
3738 138
15698 132
6361 135
2141 253
15992 103
321 142
12605 158
14953 112
12722 239
13247 144
12281 175
7780 88
13018 254
6019 109
7621 187
8072 111
9444 143
11539 254
14458 118
6940 255
11943 219
6895 123
14047 141
13973 106
3979 120
10933 96
14396 206
2368 149
2934 186
13987 251
11422 250
2153 246
4065 213
7178 116
6424 255
16150 84
10005 254
3827 191
4393 225
16246 103
631 250
6190 201
12494 197
15717 119
6320 213
16245 104
15454 119
1276 224
1755 165
16178 152
1364 161
6813 252
73 157
7612 62
8012 225
652 103
2511 168
3584 150
15012 255
15728 106
12554 103
3413 253
10255 254
4919 96
6938 250
10435 254
11679 255
14670 154
10203 12
13358 44
11845 227
10690 254
6654 124
11204 245
10328 0
11941 238
7561 114
3937 224
6412 121
1326 151
15664 161
9651 156
8535 143
890 239
1711 224
1133 255
1586 221
11778 98
3220 124
3832 136
13039 252
5137 120
2762 162
12888 229
14944 113
5087 169
961 145
3153 255
4666 85
7336 208
9431 8
5067 166
769 98
8143 213
7227 54
12051 251
1320 151
5506 107
13865 251
5926 223
13140 207
4964 169
7392 124
12304 105
13707 94
192 141
4653 178
5712 158
11812 244
16165 110
12971 185
4287 147
2182 108
6334 136
14908 178
7441 250
566 134
1395 244
11814 212
11560 196
4023 213
6093 178
16373 104
7555 107
2160 232
168 115
13393 210
10453 0
5485 165
1501 158
1527 239
12774 228
5858 133
4874 114
13468 250
6368 144
15451 127
10409 188
3638 196
6648 116
3371 218
931 114
5074 162
6155 117
1917 186
9401 187
13398 209
7482 1
4991 93
6845 17
9910 174
1987 153
3765 209
11582 109
7379 203
9547 88
10654 249
10445 94
7172 109
3203 109
14150 183
13119 146
1473 147
2619 151
1500 157
10599 116
14318 124
7958 254
13160 240
12311 255
11517 127
2911 246
4649 201
14304 130
15872 99
7802 97
3389 199
15064 136
5347 156
1087 144
4457 178
922 107
13711 97
1808 114
3801 233
5483 158
5020 255
15299 148
14796 143
3634 212
190 138
14141 130
8056 131
6770 132
8271 212
10274 215
11622 148
2459 124
9527 181
2087 255
2925 212
5407 204
13464 248
15486 97
8896 232
7523 98
7890 215
15974 120
217 148
15083 111
6315 217
8550 81
11684 233
9110 255
5679 200
8333 209
7935 91
4794 80
7533 94
3197 160
851 160
8280 143
2446 116
13152 251
3252 170
