128
128
1 90
8484 220
5309 145
11140 104
10844 46
10674 142
12011 186
8486 180
6117 140
7102 0
3672 244
10405 190
14599 82
8945 96
15422 129
4984 147
2461 117
14061 134
6970 17
12073 215
56 131
13389 205
11586 217
10639 255
8228 221
6929 253
12087 17
12301 106
4145 212
10319 4
10831 83
622 161
1725 144
5782 254
4758 136
14742 91
13014 223
12358 191
12362 175
11157 254
10422 132
3362 253
9859 107
11930 250
12449 241
13058 88
12671 174
12292 97
12287 139
4367 120
10346 110
13662 184
15211 111
6021 110
9056 104
11643 137
2330 119
9857 105
15975 120
605 145
11540 255
14195 135
1877 164
9827 103
6483 176
15952 131
9424 4
239 152
10167 150
16237 109
5273 255
5675 193
12203 217
4438 208
6374 141
11698 149
14827 119
8933 84
3416 251
10854 116
6150 111
6384 131
11143 108
10216 107
507 247
13564 150
7354 23
2569 113
12733 167
214 151
661 107
9657 186
4778 175
7623 191
9092 108
5288 114
5061 129
2866 190
13067 97
12470 174
7583 233
1030 102
6458 182
13601 254
7949 130
1944 116
7503 214
10343 112
12411 173
12872 186
6580 219
15088 116
13879 147
6861 187
1227 162
7990 109
3086 117
5940 214
14194 131
15457 118
1492 162
2029 242
4135 228
4299 199
7325 242
3513 196
7512 191
8676 100
5906 134
1869 168
8272 200
5514 115
13050 214
1691 112
9222 110
1132 243
2373 159
12401 188
5204 158
9820 36
13555 151
10191 9
13611 181
1426 112
10640 248
14472 84
9631 219
13849 255
10897 250
11004 128
12595 224
10223 103
5434 182
11145 111
8579 107
11099 52
12682 102
4898 245
12392 207
707 149
11881 181
4960 165
2008 188
14149 230
9280 242
6532 108
4150 209
12369 210
6624 113
14059 131
6676 253
442 138
13387 183
7672 112
4942 171
6559 237
6442 197
11413 255
3012 162
9668 252
3070 167
3776 207
5231 155
9458 95
3490 254
12236 183
472 154
2097 204
11919 108
14733 87
9017 173
704 142
580 149
11804 250
10672 149
7124 210
13628 87
5198 170
15561 136
5308 137
13572 87
6393 113
2514 208
14842 105
14388 217
8246 135
6242 133
6231 143
9960 98
5105 148
11416 251
10660 219
5494 126
3534 254
8025 171
12504 204
9968 109
8193 103
172 121
9155 253
10037 143
5313 133
15585 120
12851 225
11909 101
11894 129
15643 88
6732 195
9873 255
15192 133
9376 231
3676 240
5694 160
424 118
6684 255
1883 210
13137 186
5907 208
2895 198
1481 160
13531 217
4274 222
8719 255
14819 109
1468 143
2513 166
8650 198
7562 118
11967 121
7542 119
12057 254
7520 138
5690 175
12907 229
2458 119
11891 152
9488 255
15962 124
16367 105
7462 203
6777 111
9564 42
8861 250
15416 172
3836 135
2756 156
2579 119
2904 251
3328 136
14576 120
7188 254
15404 209
3429 215
6413 119
8873 197
14831 119
1814 114
5726 155
15458 115
13165 237
7390 149
12172 110
3475 121
1505 156
6925 118
1489 164
10622 132
5156 124
9349 110
561 130
11492 143
2635 166
10323 0
8593 255
15896 82
6096 179
9862 110
7284 117
15808 127
5668 202
3080 115
15901 87
12931 90
1752 165
13288 227
4292 166
2335 120
121 138
14887 227
12434 112
4174 225
10139 247
13760 146
4594 176
5337 167
15794 194
8924 87
10465 86
8674 146
9867 113
3269 171
8517 247
8185 127
11836 43
4058 200
9595 107
13000 174
8105 186
11813 232
4640 251
6257 135
562 132
7136 112
4072 194
4362 115
15679 128
6637 124
12791 215
4384 255
6932 251
15034 155
6797 122
1926 108
11104 134
12200 225
69 147
12518 189
9335 115
12508 234
5220 174
3813 189
16317 121
11210 231
14489 141
7645 117
4059 230
13508 139
10627 104
3241 241
4269 243
13954 81
3840 137
10397 237
8547 113
10444 121
2523 255
3516 185
1840 222
10238 126
471 153
13336 255
7681 103
12419 96
3670 249
9998 252
14840 112
1116 148
16247 103
11405 113
11298 232
7169 104
2161 236
13831 88
79 157
2258 163
10949 247
10539 168
15231 93
4747 117
11448 20
2114 151
14170 166
7911 95
3250 188
14898 169
11285 255
13463 254
16288 86
6237 130
2815 156
9707 100
11242 140
12424 101
6025 115
11228 60
2206 114
10923 195
7855 189
2634 162
6545 215
14345 85
2939 180
11740 142
15198 121
6971 5
7808 106
3200 129
5744 150
4326 182
15489 71
7089 195
7874 182
1007 244
1995 166
14155 199
14848 86
12925 189
1567 114
4170 207
12019 160
1914 208
11010 103
6711 163
13204 112
15987 106
5019 253
14956 116
9920 245
16152 84
7261 151
8974 249
4550 159
1119 148
1264 248
2936 192
12298 104
11247 139
6673 248
7036 112
6139 121
15215 114
1031 103
4624 123
613 149
1608 160
2535 247
1843 199
2369 150
5462 153
211 155
13262 207
3477 121
14817 113
4601 116
2647 254
4156 211
551 117
15296 132
5064 154
16252 102
11474 171
9340 114
6330 111
3886 209
12631 185
11872 152
825 138
13337 255
12004 154
3602 122
11790 108
3895 227
14252 234
16033 98
2333 111
1791 189
1219 149
8567 97
15019 194
12197 252
12685 103
15841 122
14588 100
13846 129
1401 231
9719 106
5836 151
9015 157
3224 122
7997 67
2648 254
15990 104
12871 173
15175 139
8451 107
8479 243
797 108
13549 173
14657 193
6496 120
8823 104
1400 238
6800 158
6056 228
1046 108
9634 230
9844 120
8216 253
3001 151
5542 185
7863 89
7232 62
6120 135
5644 119
9886 233
10787 210
5519 120
14999 88
13626 77
2581 118
4039 216
11147 113
3088 117
13155 249
2856 246
13804 146
11673 255
13965 92
2341 247
10321 0
9752 254
361 150
15771 86
11890 165
11737 160
9773 154
14136 201
2183 109
9851 112
10132 254
8916 98
12932 92
7303 112
13738 228
478 142
9825 87
7544 114
10184 208
10429 207
10130 254
14174 151
10679 126
2474 249
70 150
2520 251
4105 113
6208 170
11729 214
2679 196
3117 212
1750 164
16149 83
15288 152
7209 213
7137 104
5370 136
11093 78
11275 111
19 104
9599 111
10030 162
13860 254
8084 253
5001 116
6576 200
4803 122
10800 134
3963 140
8049 88
13287 229
5893 111
8687 106
14967 113
9856 113
7619 160
10636 110
3815 204
1793 102
16287 89
9698 103
11611 126
15390 94
8815 99
15638 85
15936 127
5334 173
7727 180
1454 189
13175 248
807 118
11736 167
1211 141
9103 251
13968 94
15581 121
6795 115
15107 76
13796 160
7057 255
6872 168
8836 108
15692 135
15734 103
4432 201
6071 233
3374 220
14604 86
11986 230
1652 240
7805 115
10399 231
15010 255
5607 135
80 155
12751 201
10928 134
8713 114
2727 253
6998 172
8981 255
4342 147
9644 172
13052 216
13332 145
5685 205
15164 160
2262 248
12117 228
12193 240
3494 245
7435 125
6602 181
3667 254
579 148
4672 112
6592 144
1188 119
10788 209
5051 110
1645 249
3299 227
2854 251
9256 210
14652 246
10987 130
2542 223
8365 174
315 139
7285 116
11636 145
7644 178
12788 216
4469 172
12078 226
16233 117
12360 195
13930 133
11355 83
14154 177
6851 162
6248 137
5413 152
5491 140
1931 112
14636 198
13836 93
12264 196
3062 173
3124 169
6792 113
6875 159
5817 208
7009 115
373 158
2403 253
759 250
8432 114
2425 193
12144 170
15777 96
1664 192
4764 254
13143 230
7570 253
13535 213
13131 170
4909 100
1581 250
13448 93
12728 157
4815 169
2818 109
4031 184
4617 115
15539 149
2639 164
1163 108
16014 79
2486 148
149 102
13078 249
11744 143
12808 98
15796 204
1941 114
7656 97
5704 174
11367 159
14090 89
3907 143
1431 110
3055 217
6566 226
15791 184
13985 253
10785 235
11476 146
15646 93
9556 1
5287 137
7499 194
11246 148
13183 230
4316 211
7991 108
10286 154
11827 141
6444 211
8431 103
2208 120
6967 143
390 101
12958 197
6375 135
1121 147
10234 104
5474 142
10761 113
14446 122
5071 157
4755 118
14246 249
6279 113
792 108
9063 84
11722 244
13010 182
7003 167
6266 116
12702 158
1028 102
13258 151
3493 238
16258 67
2803 209
11456 175
188 138
7786 90
7005 142
4945 164
9169 71
5804 220
12672 161
6240 138
14413 151
191 140
11220 106
7382 194
9816 0
9832 98
6722 138
6741 182
10791 178
6778 115
9259 192
14026 183
11033 252
3078 111
15634 84
11449 13
2885 158
6471 174
1097 160
3118 200
12289 92
11336 237
6657 108
422 115
2432 159
7999 128
10478 113
7996 37
16133 70
16166 116
3619 252
13161 237
11516 133
10840 23
10391 253
7671 120
2891 162
7062 250
4835 160
3401 180
9842 107
1444 118
6564 244
3539 255
10898 253
7741 23
11339 226
7125 188
15073 110
10695 247
12326 237
8920 92
9555 1
10921 198
8218 253
2817 107
15433 137
16146 82
10699 103
2303 179
10947 243
10455 0
349 143
1184 111
12493 189
12650 219
10222 92
5072 159
1967 217
1237 161
5228 157
14010 152
12151 151
3387 185
8656 184
10479 125
14550 148
5845 141
16090 126
7941 109
6857 186
4068 199
8747 177
1405 211
10570 123
281 105
16348 128
5352 157
5260 119
9391 180
14936 138
15622 75
13307 230
9245 247
2427 185
6447 178
450 146
6640 121
3288 252
15995 103
7356 6
8765 183
13225 126
14723 78
15426 130
4708 187
2999 158
3113 210
5191 132
10159 163
8590 254
11937 252
7528 105
11397 104
7609 40
5411 116
3512 201
12982 169
3457 109
16032 90
3570 185
1229 165
15294 135
2241 149
14079 109
2076 117
11703 19
10990 125
8428 95
10880 108
11758 164
1642 254
9794 245
9389 171
811 124
12344 14
1307 110
10766 183
9207 115
16240 104
9189 104
15838 123
3593 115
5863 139
15384 87
6238 125
12215 4
6587 42
3394 187
11920 126
14012 172
7701 254
13318 91
10178 247
4077 191
3148 204
3698 171
4868 112
301 124
11745 155
3560 207
11757 157
12308 255
15337 112
9702 99
11119 125
7605 146
8671 92
8845 197
6075 150
13026 248
3009 176
15041 162
13281 250
7992 107
7784 101
3896 226
11444 75
7438 129
1356 163
13167 253
13660 192
16004 71
11616 154
6903 112
57 134
1862 159
1561 113
6121 129
10968 47
15551 128
3860 123
3703 157
3434 220
13621 105
2667 229
13960 88
2694 110
12267 194
8714 118
4132 237
11987 211
16311 112
3221 123
5611 134
4414 150
1226 161
15525 255
37 110
13593 255
13421 167
14295 159
10709 0
11551 250
11685 238
7375 204
7004 165
2150 252
5300 150
15558 135
4397 242
16265 75
555 121
13081 254
13128 145
15400 254
7759 217
7947 115
2119 162
3913 251
3523 203
175 125
7001 140
16198 131
12915 237
2945 107
14243 232
11092 86
14282 159
15695 131
2564 110
1367 159
2606 196
15249 83
693 134
6536 114
5210 171
10588 41
13557 155
3486 255
14724 79
7318 254
11587 227
4678 157
12175 111
11229 68
4103 116
4168 206
6220 193
6672 129
6961 205
10546 128
12574 175
5598 153
5718 148
16352 126
11842 177
14054 127
6703 178
9829 137
9884 245
13485 151
8870 217
4067 213
13562 174
4887 233
5213 175
16283 85
13791 166
13370 106
8528 189
15711 122
343 151
11555 239
11629 147
15733 104
812 126
1309 112
8616 174
8472 255
1064 125
11447 54
12096 135
7293 115
10614 117
5113 128
8831 101
5447 171
6702 199
14466 78
11982 244
12677 95
24 103
13219 160
6310 240
8832 106
259 96
12473 62
7690 115
9441 115
8733 248
3675 232
9325 82
11354 95
1467 142
1078 139
6336 179
7913 98
7664 103
894 228
6644 131
11592 235
6507 123
2956 116
13272 219
10369 104
8751 177
4535 152
9321 96
11701 100
6850 145
1157 103
2504 164
16184 117
3172 224
3208 114
12990 164
3079 113
8580 108
16109 110
8970 115
3789 254
13172 253
7989 132
5357 165
7140 112
7753 205
9116 252
3609 126
3738 138
15698 132
6361 135
2141 253
15992 103
321 142
12605 158
14953 112
12722 239
13247 144
12281 175
7780 88
13018 254
6019 109
7621 187
8072 111
9444 143
11539 254
14458 118
6940 255
11943 219
6895 123
14047 141
13973 106
3979 120
10933 96
14396 206
2368 149
2934 186
13987 251
11422 250
2153 246
4065 213
7178 116
6424 255
16150 84
10005 254
3827 191
4393 225
16246 103
631 250
6190 201
12494 197
15717 119
6320 213
16245 104
15454 119
1276 224
1755 165
16178 152
1364 161
6813 252
73 157
7612 62
8012 225
652 103
2511 168
3584 150
15012 255
15728 106
12554 103
3413 253
10255 254
4919 96
6938 250
10435 254
11679 255
14670 154
10203 12
13358 44
11845 227
10690 254
6654 124
11204 245
10328 0
11941 238
7561 114
3937 224
6412 121
1326 151
15664 161
9651 156
8535 143
890 239
1711 224
1133 255
1586 221
11778 98
3220 124
3832 136
13039 252
5137 120
2762 162
12888 229
14944 113
5087 169
961 145
3153 255
4666 85
7336 208
9431 8
5067 166
769 98
8143 213
7227 54
12051 251
1320 151
5506 107
13865 251
5926 223
13140 207
4964 169
7392 124
12304 105
13707 94
192 141
4653 178
5712 158
11812 244
16165 110
12971 185
4287 147
2182 108
6334 136
14908 178
7441 250
566 134
1395 244
11814 212
11560 196
4023 213
6093 178
16373 104
7555 107
2160 232
168 115
13393 210
10453 0
5485 165
1501 158
1527 239
12774 228
5858 133
4874 114
13468 250
6368 144
15451 127
10409 188
3638 196
6648 116
3371 218
931 114
5074 162
6155 117
1917 186
9401 187
13398 209
7482 1
4991 93
6845 17
9910 174
1987 153
3765 209
11582 109
7379 203
9547 88
10654 249
10445 94
7172 109
3203 109
14150 183
13119 146
1473 147
2619 151
1500 157
10599 116
14318 124
7958 254
13160 240
12311 255
11517 127
2911 246
4649 201
14304 130
15872 99
7802 97
3389 199
15064 136
5347 156
1087 144
4457 178
922 107
13711 97
1808 114
3801 233
5483 158
5020 255
15299 148
14796 143
3634 212
190 138
14141 130
8056 131
6770 132
8271 212
10274 215
11622 148
2459 124
9527 181
2087 255
2925 212
5407 204
13464 248
15486 97
8896 232
7523 98
7890 215
15974 120
217 148
15083 111
6315 217
8550 81
11684 233
9110 255
5679 200
8333 209
7935 91
4794 80
7533 94
3197 160
851 160
8280 143
2446 116
13152 251
3252 170
3608 124
7919 78
5837 180
15675 123
1003 167
3360 255
602 150
7280 105
8496 146
9537 246
15062 141
10755 105
15172 128
10450 1
6255 134
15077 109
10149 201
12969 176
376 188
2382 167
11966 102
3814 202
6153 115
3298 229
6494 120
8256 194
11837 83
1933 114
10908 252
666 104
6603 188
10407 193
1908 235
5233 161
4772 231
7597 178
6170 253
11382 111
10488 118
10253 242
13176 244
14564 116
5928 206
5415 162
14406 141
1649 240
9696 71
9996 114
5276 255
7173 111
151 103
7797 111
8588 110
10420 127
2965 120
2640 173
10050 247
1688 114
3630 207
2112 152
15123 88
14654 236
5768 113
2239 145
13363 107
15190 139
6577 215
1836 242
7463 209
6535 113
12066 252
8196 109
14620 252
1036 107
9119 236
8850 255
11409 254
14997 89
10775 255
5683 191
6752 102
13974 128
15887 81
5271 252
9645 176
15782 255
14188 124
2252 164
13518 219
9611 117
16375 104
11253 123
4891 252
12995 159
7216 196
12166 103
600 154
13600 254
6645 116
793 106
7816 113
9020 195
11376 144
11630 164
1404 213
1461 156
7977 191
2176 180
7423 107
11749 153
14077 114
8859 252
14268 188
15524 255
10018 223
2886 159
1922 105
14191 131
9412 252
6897 122
15007 255
12015 180
1510 231
5696 166
5947 169
13627 81
6965 179
9716 108
7535 95
6548 254
14826 118
882 248
9048 64
7206 224
15780 232
8969 112
8214 253
12979 207
12128 182
10611 123
1722 142
5101 161
655 106
4148 215
14482 92
11706 2
2598 255
15214 114
5338 176
5028 135
7161 124
881 240
15102 91
10596 153
5002 114
4111 120
14710 117
2791 238
11286 252
11922 251
6742 173
245 139
5284 71
6345 179
10327 0
9964 99
12447 242
12975 184
15506 83
8043 99
8324 108
13499 85
5716 141
8275 189
15687 134
8721 255
13800 156
3596 117
2281 245
582 155
6526 102
8518 253
13971 100
14544 150
14546 152
2567 110
9567 21
16216 127
1493 162
7501 173
11997 198
12239 224
3491 250
6323 224
7702 254
9675 104
3207 113
9393 166
16136 74
4157 202
82 153
13482 143
3105 255
7153 107
5943 219
6317 204
13731 255
788 109
7018 118
15402 234
12673 89
8297 102
12750 178
9885 244
14474 84
4302 205
12584 226
12950 250
14909 194
14672 144
4569 172
2344 254
6239 146
5516 119
4661 153
2835 119
11968 156
1331 148
9505 225
4429 185
10431 249
1010 253
14542 155
7850 191
10571 126
4216 126
15730 106
1831 255
3028 253
8468 255
9408 249
14236 253
3051 230
14630 226
3592 115
11467 233
9200 103
14181 131
3157 255
13657 174
12397 183
325 150
3604 123
3436 193
14983 78
7083 197
14701 121
15272 252
14408 143
13371 101
14182 119
410 104
6030 118
12178 128
14165 171
4597 176
1379 153
10536 170
13663 172
3283 253
11265 99
16105 117
15320 133
953 137
8305 96
13065 96
11593 235
12564 252
6531 107
399 104
1032 106
12598 140
679 117
10456 2
13842 101
232 150
8082 255
1070 125
10833 63
3187 188
13028 239
4751 120
15706 125
5211 159
15938 128
16137 75
10138 253
8804 113
14042 150
2650 255
6159 121
6209 177
11548 250
6088 188
458 158
309 133
8434 110
13793 174
3662 255
2608 197
13223 92
2518 253
11263 118
12340 181
15380 85
5439 155
15174 141
12923 200
5809 191
11681 249
15792 207
13466 255
15520 103
14043 158
4527 192
4226 111
3912 248
1182 111
16194 126
519 100
8524 226
993 148
7768 188
10440 218
5312 128
835 149
8342 255
8578 105
1316 114
7614 17
10227 125
13295 226
2406 248
3210 117
9461 98
12034 96
2652 254
1767 251
1482 162
7098 0
3888 197
7415 111
3820 189
13532 204
1774 248
7752 202
7385 185
5079 171
15939 128
2764 159
3202 108
4195 204
11541 250
8849 255
7839 252
4731 124
11799 254
1771 246
3331 109
3566 206
14296 159
4230 114
15969 122
13240 124
6245 139
1524 241
14379 184
5060 120
13797 155
984 158
3838 149
6018 108
5120 99
1907 237
3260 169
5737 154
1455 239
7487 9
3927 238
2409 243
6560 247
2915 244
10803 112
7675 111
13891 222
16010 76
12157 156
10469 123
7912 98
10122 114
1729 147
10112 121
11236 134
6694 228
8298 90
3101 139
3280 253
7754 205
303 126
4827 185
7942 110
11137 101
8488 198
3219 123
5170 138
2075 115
5536 138
10579 0
7541 112
2872 157
2350 217
8720 255
2589 125
1980 149
8166 91
15970 121
11333 248
1140 250
11014 107
670 106
3696 180
229 147
12187 250
4539 131
5793 213
11266 99
13588 96
10747 115
5983 141
4729 135
9268 150
2508 166
3716 113
2677 208
10446 43
4686 170
11530 103
15456 118
12855 170
14202 125
10708 4
8222 239
10929 105
9419 94
11076 253
10634 121
13722 253
4291 161
11959 14
10671 182
877 186
14932 150
8531 157
6293 254
15693 134
1565 112
9640 209
13952 116
15814 128
6827 181
10677 113
5825 160
8184 113
2306 106
4633 253
15467 111
5801 207
4021 221
15627 78
16140 76
16151 85
5820 159
6440 228
13005 179
9077 117
13927 126
10920 174
4564 190
16322 125
1545 109
4416 139
3826 191
11485 103
6515 135
4814 170
3568 191
4140 242
14208 106
8328 111
13210 253
14847 89
1881 161
14987 81
12536 185
15708 121
14954 114
10545 142
7107 127
7099 20
4243 124
1518 251
7054 124
767 225
5568 159
7116 181
1035 107
1633 173
5135 122
6113 154
3537 253
6478 195
15087 115
9360 253
7493 172
8614 206
14996 90
6638 118
885 255
2001 170
1852 144
15424 132
1570 111
9680 1
13147 253
282 104
12933 93
7881 223
4819 182
15367 79
3719 115
9786 190
6973 2
8601 254
11008 118
14124 249
10430 225
12688 106
11428 218
11572 84
7695 255
14231 101
8168 100
3514 196
5052 102
2077 116
3960 126
10733 116
8042 106
13395 206
7342 189
3006 166
1369 156
2498 154
7951 249
9613 145
1491 162
14183 131
3123 185
86 150
8356 202
485 150
9681 1
5674 202
11408 204
10845 18
757 248
11211 203
4468 161
12420 97
9013 154
12492 187
2826 113
13979 244
12658 205
2946 109
15148 198
9126 225
7088 197
9161 229
11549 255
6584 170
9797 252
13586 95
12986 146
5748 133
14346 86
3468 116
347 147
5098 174
6821 224
13409 240
9293 139
14253 245
3862 124
5775 119
4261 227
15889 82
16065 126
4584 181
13364 114
8536 145
1000 152
9354 115
15908 136
10348 114
2324 115
5225 168
8668 104
2489 167
9584 106
9072 96
1252 152
3579 156
2437 110
7129 117
3561 212
12524 208
4308 211
1023 228
3805 233
14184 125
9149 213
4339 170
2293 214
7117 193
7431 112
3897 229
15159 151
2418 236
11498 150
465 163
9800 204
13516 212
1716 216
6803 254
15579 125
4788 112
3130 156
13497 89
11690 204
8667 108
76 155
2106 189
5627 116
3189 158
12451 243
10503 110
13290 223
6551 255
6480 186
15162 161
7948 116
15668 176
8000 148
7225 55
18 104
13823 127
4936 146
4496 122
1623 163
10212 127
16122 103
3642 213
14055 129
1045 110
5049 111
8367 178
4852 143
8761 153
11146 110
9517 178
2257 163
11999 161
13453 95
4706 170
14311 116
4083 178
12221 129
10115 106
14471 83
3077 112
6923 116
5219 149
16221 128
405 105
3540 254
12070 239
2358 165
712 156
4607 126
1136 255
8141 225
5041 116
4775 204
3405 253
11040 237
3942 201
4966 184
15712 123
14417 156
11305 182
15941 129
10160 167
2642 246
4986 134
2728 243
8611 233
5769 115
16296 133
255 231
6948 238
12946 141
4536 173
7601 163
13712 97
1448 176
4090 143
9324 89
2574 115
9925 249
4682 172
2867 181
1838 215
15378 85
10790 190
295 115
2611 190
2217 253
12994 165
4659 167
3842 110
5092 173
9087 110
6402 107
13529 187
5623 134
8293 91
62 136
15391 110
1972 171
12771 236
3246 204
2982 244
499 161
13898 220
523 101
3951 188
4040 234
4073 200
7652 111
14329 127
5189 125
785 108
9480 114
3871 251
1495 161
12675 93
7334 227
616 147
14960 117
1943 116
15247 85
8769 246
2900 255
7033 114
10072 0
15076 111
2307 108
13324 98
7932 102
3385 180
8669 92
2000 165
10476 120
1327 165
12718 213
11429 218
11194 34
15790 204
11623 167
8708 108
240 154
8753 151
16380 104
1329 145
4471 126
14706 117
10427 193
10188 109
9353 112
7458 247
7165 121
9971 111
15906 100
5058 121
13788 176
7399 99
10003 254
14981 79
15131 96
1153 99
12276 169
10828 115
5317 126
11398 106
16347 128
4466 169
1288 107
14094 92
2824 113
7556 108
13598 248
12364 185
1807 114
13390 209
2501 159
2131 168
12569 254
10043 196
9582 89
16141 77
6520 114
15576 128
15671 193
10641 253
12721 228
226 148
9265 164
2599 252
13045 244
8586 112
16280 84
6977 108
14382 212
7585 237
7051 114
7532 98
225 147
3314 192
16284 86
9917 219
13475 241
5281 152
13999 247
358 149
7572 253
12985 143
11258 125
7925 115
1124 152
5161 82
8752 167
11045 218
12065 244
11670 251
5894 111
12232 192
8996 237
7076 219
12139 189
3732 124
1051 109
4131 246
10250 113
921 108
10467 114
4444 208
11388 120
6281 114
14230 103
12463 222
5395 125
8186 95
16291 96
14430 134
12679 99
9695 30
2775 246
306 129
12314 255
318 139
292 110
12131 172
2822 111
13022 252
4082 182
1656 232
7929 102
10412 169
5787 253
15515 87
9190 92
1306 109
10128 254
10572 133
230 148
11714 184
14613 92
7121 212
12282 170
8793 98
13106 170
7397 101
15843 121
7801 112
13949 121
8248 134
8852 255
7017 115
11012 105
6302 236
6615 173
6539 114
5432 190
16321 125
12410 181
290 108
14000 249
4167 195
2816 143
8806 90
14309 123
4834 151
8631 142
7700 253
1878 167
14276 156
10691 255
1974 192
1537 99
6251 133
6826 202
5477 165
6607 193
11932 255
3932 235
11506 142
2237 157
15342 111
4753 123
11356 89
15842 121
14598 81
13851 252
6775 131
3056 219
15463 113
15605 105
15606 105
6561 239
9792 245
10373 109
4980 128
1240 160
4445 197
12189 253
12701 195
14877 187
11340 199
8029 157
10941 203
5456 171
8360 190
4893 255
11619 148
2111 144
12725 204
4792 78
10073 1
11709 60
10836 3
14169 158
12174 105
7687 112
199 154
9872 255
11694 211
8291 91
3422 226
7905 135
12359 165
3495 235
16131 69
15825 130
3268 173
2774 255
14095 93
6304 251
9366 255
467 158
6734 195
9168 81
1181 110
14939 130
7916 79
8949 99
7362 112
12191 247
14669 144
5455 170
307 132
4797 91
15125 88
1478 155
665 104
3781 160
4013 230
10175 243
9421 104
8377 134
3501 219
5590 141
2035 236
9054 62
15024 161
14655 227
2549 213
15686 130
14993 87
11951 226
16064 126
5039 93
3481 124
13539 187
15101 92
5115 137
14978 77
1754 160
10442 115
12805 94
7824 255
13863 247
1040 108
10495 104
2994 185
3532 248
7575 254
4676 139
6743 175
10118 109
14558 127
10010 249
6641 128
12794 201
3143 163
2 94
15961 124
4270 239
9660 212
9765 215
10498 102
8303 105
7500 194
11865 173
7878 193
1921 104
11073 240
8987 254
2702 114
12826 255
1776 238
5652 146
4813 166
10868 109
3178 223
3209 115
8680 96
13164 247
9637 217
16381 103
13079 253
5268 130
13558 148
15000 89
438 133
5565 140
13293 205
4246 121
3437 210
9999 255
5471 136
1135 250
15641 87
6719 56
13061 92
10200 0
10102 112
16017 81
12132 165
4756 123
8235 184
3905 177
1887 238
9179 49
11387 130
14740 90
2622 177
4793 81
2436 109
15931 123
1607 159
14260 228
6199 241
3906 162
11712 143
12634 216
4688 181
14011 135
6596 165
10245 108
9450 95
4074 195
3533 254
14732 85
12839 188
2894 175
7408 100
12116 228
8771 245
2748 158
15880 76
6529 106
638 230
89 146
15912 252
16155 82
4912 85
5438 138
607 144
4621 121
6449 198
3559 199
9034 199
14760 213
15516 88
5223 162
13116 155
740 147
11264 105
2449 118
8447 107
8934 80
6441 219
8192 100
14332 110
14651 243
11471 200
8522 219
1918 201
13066 97
13647 225
8041 104
11935 246
4324 181
7448 254
8503 140
5867 145
5938 207
1504 144
14298 146
5878 120
575 142
990 146
10013 238
16027 86
1892 254
1844 200
16261 70
9923 250
11347 131
3708 133
10362 107
2116 155
6406 111
10510 255
11948 206
782 107
448 141
11048 199
8054 126
9612 114
8263 239
6681 249
6246 144
11090 103
13554 147
75 154
13938 134
14326 132
3502 202
1686 113
9507 197
360 148
3317 161
3296 226
4153 216
7998 84
8409 131
3161 252
1475 152
8326 110
10304 247
1823 115
7603 169
4765 254
3291 241
8816 98
4353 108
187 138
14127 224
13462 221
14467 79
9744 254
1110 162
7309 120
11561 213
1560 110
9854 105
4829 185
14955 115
14385 227
871 149
4000 251
13723 251
6555 254
158 103
11568 129
11755 152
12532 193
14392 241
2626 155
3742 255
11954 168
4760 248
814 128
12107 184
13362 102
11554 245
4101 112
5798 222
11077 247
13658 170
14829 121
11235 119
16214 123
6185 199
3388 182
10843 34
15824 132
5958 186
8240 174
12288 145
5978 149
4709 169
4646 234
10461 0
7968 237
15559 137
8731 254
6898 117
16143 79
6724 163
14808 142
6262 100
3149 233
12798 189
1928 109
2871 170
13914 171
906 107
2519 252
5961 186
10996 125
1418 110
1945 117
7168 107
2531 252
3763 219
1558 112
1574 122
2164 222
6420 252
6037 255
7737 77
7599 185
15512 84
10940 193
6578 220
5628 132
4272 226
13805 159
10313 157
15355 101
4644 239
15726 108
4953 177
9143 164
13257 150
15153 173
13403 232
4822 188
2184 110
9223 111
3073 108
12572 211
6989 186
4239 120
8285 123
16224 125
13659 191
3151 252
7451 247
11312 161
14778 194
9365 255
4214 147
5048 111
11127 127
16323 127
3036 250
1094 155
14256 213
12800 167
283 103
15304 140
5133 118
15014 242
8345 253
10858 123
10965 51
11049 203
12213 186
2517 251
6600 177
10999 108
14526 210
750 165
213 153
15867 102
2266 253
11595 238
8079 255
10814 219
1646 248
2439 110
929 112
15379 85
6085 181
1334 144
15988 106
11441 95
14538 143
2536 241
9845 106
2366 154
6749 142
14522 251
14899 170
15680 129
5730 151
6082 173
6505 96
2250 166
13835 92
2434 107
978 160
4858 126
6871 165
4801 118
7630 218
5428 167
4411 181
10811 152
2660 248
6636 111
5880 132
1254 170
1462 150
8566 104
610 153
4724 154
16056 117
6089 176
9908 162
7525 109
1429 111
3247 216
15851 114
10626 102
10155 163
6806 255
2838 120
12295 101
7891 191
8226 214
6116 143
14475 85
3418 241
12747 173
10457 0
4182 221
8262 238
1521 245
14692 111
11796 255
3525 201
3857 120
15768 84
15683 131
5682 206
7101 11
2199 117
1674 109
13757 116
15751 76
6314 202
4434 204
12883 182
7037 123
14912 241
7086 196
12100 185
11078 243
394 99
3083 117
12091 41
5446 159
8596 255
13878 155
1384 239
5636 111
4884 126
13273 227
1239 158
12980 202
690 132
16241 104
9586 115
15749 74
8966 109
4409 174
10799 149
10723 157
4691 192
11991 215
729 152
611 151
4675 133
29 100
16043 233
4563 202
12047 110
4474 128
5571 161
5595 162
4935 146
10067 0
5911 250
7961 255
10044 201
10376 112
3704 140
15283 156
6706 207
9195 96
3163 251
3337 116
6793 112
7433 114
13107 169
9802 104
14451 126
577 145
6915 108
5972 152
7148 111
12497 207
44 120
6960 211
13680 139
9828 125
1380 159
4692 195
5614 143
9758 241
7955 254
1591 148
11931 251
11233 178
1257 193
10718 41
14287 161
13607 219
15918 235
7610 0
3725 118
3338 117
3453 142
5634 107
16259 68
16199 129
11808 250
6067 198
74 155
7711 230
5638 112
4499 117
737 151
9081 125
4275 210
14462 99
6563 238
11494 147
4096 141
7262 159
8258 224
197 148
5398 255
7569 250
3302 202
1998 167
4190 214
16129 68
3631 192
2653 254
1439 114
10047 244
14338 80
3884 217
9468 98
8301 102
15697 130
2340 255
9838 91
13536 234
5796 222
10403 210
11603 172
4034 173
13991 245
7657 92
7074 252
14963 117
3571 194
10819 250
9022 232
3757 199
3902 223
674 110
13075 122
1849 150
748 152
5647 119
8074 115
4540 121
12906 231
8709 108
4038 211
90 146
8922 73
5879 127
9603 107
2372 155
12625 212
109 160
6313 217
14602 83
3874 251
6680 255
3583 140
12129 178
11598 220
15587 116
4992 114
10706 2
9883 254
5601 104
102 148
8153 151
5056 116
6439 247
15278 182
14135 230
3761 203
6751 122
16294 104
14101 99
14748 199
8985 255
964 151
15899 87
15157 147
8404 159
8260 220
8743 205
9479 112
1766 255
7096 107
5944 209
2314 110
14574 120
4377 255
12095 146
8148 158
3797 246
13703 89
16376 105
6210 170
7697 250
4507 255
15419 143
514 97
14765 187
13198 99
14216 85
415 106
12567 255
13566 128
1138 252
8033 130
6852 162
6132 120
10653 249
7720 210
8600 255
12821 254
14380 195
4997 113
11351 120
10247 109
8290 129
974 161
7718 185
10998 115
7508 212
10438 244
2402 255
16217 127
7554 105
10613 109
3521 203
12124 236
1419 112
3562 211
1956 139
5881 121
9814 0
14084 84
12167 105
14653 249
16189 122
3240 225
16207 125
7918 79
7620 177
7391 156
10850 144
3214 117
4303 212
8860 251
908 105
2960 115
1698 124
5069 176
14024 242
8757 152
3981 121
7324 247
9282 241
9008 159
14336 99
935 120
14503 251
14781 231
3092 121
14120 242
11144 108
11717 209
10838 14
3000 174
608 148
7221 144
5833 182
4251 250
1287 103
11983 235
10093 98
4989 125
842 160
9945 0
7798 118
9767 218
15173 135
12893 255
1739 165
15935 126
12755 210
7319 254
4458 163
397 102
8728 254
6201 188
6568 234
3728 120
1700 120
1185 113
8349 245
15185 139
6328 193
166 112
15163 186
3569 174
8392 236
3024 253
5187 114
9286 247
3081 115
12134 172
9472 121
201 158
13308 219
2363 189
16253 102
14399 156
2584 118
15696 132
13721 253
9726 113
14803 153
3949 198
10357 127
9594 101
1105 164
9801 146
12234 189
8080 255
4227 113
95 139
3393 183
12561 106
10123 116
339 157
5874 147
3443 197
12303 109
9895 187
11112 133
4944 161
14949 109
11124 130
7750 187
4987 134
12848 199
8926 70
9447 84
11182 180
194 144
12114 233
9805 78
13513 178
9140 151
4378 252
7138 117
8500 143
11544 255
5532 252
4271 229
3482 140
12509 236
1983 148
12422 99
7580 247
4965 181
3863 126
13506 130
5464 164
14747 134
3877 239
15375 83
6700 201
11106 169
7830 254
3044 236
12488 186
7514 199
9326 90
15876 72
1056 111
7745 119
9551 22
3661 245
11018 110
16269 77
14783 247
12784 217
1463 130
7250 212
5403 254
14698 118
15279 176
8393 219
8711 113
14626 246
9065 103
12593 232
14910 213
667 105
1721 144
12955 253
8231 183
11844 198
11691 197
5904 122
11105 155
9202 115
527 104
3150 255
11053 150
5238 131
6848 72
606 143
5362 135
5513 114
7419 104
6451 221
9417 181
15158 151
7615 28
2877 158
2568 110
5055 119
7703 254
11436 198
5585 159
10586 21
7060 255
8811 101
3344 119
12902 234
10166 136
9587 110
8629 140
14713 110
8792 115
4435 201
11970 144
6016 114
9721 104
2809 165
5660 254
6805 254
13908 199
4106 116
10229 113
15160 146
122 139
15319 137
1336 138
14572 120
1234 162
14193 132
8170 100
13643 236
7320 254
4833 160
3195 170
6606 199
7897 191
14004 244
11460 239
8902 248
9575 88
9162 177
7416 97
12899 242
15589 116
16170 150
8577 104
13001 179
12921 209
11331 224
2825 113
4286 169
10413 178
5608 148
6493 133
417 108
9650 160
10441 168
12596 193
9686 2
15322 128
6766 116
15732 105
2507 163
15447 132
6269 116
3368 252
11400 107
9796 254
15972 121
12803 92
3204 111
695 136
4767 253
9044 68
16024 82
7868 24
12837 183
9795 254
11841 160
9371 255
8383 173
1817 112
381 245
6235 146
9840 100
12661 203
3551 216
12670 175
3611 187
7290 114
1332 132
15250 85
10071 0
15323 125
7717 211
1748 165
6583 177
14920 145
4924 97
421 113
2745 154
1734 157
3695 201
7504 212
4029 220
6762 121
5988 151
11277 119
9206 123
11020 114
4273 224
8321 103
9554 0
1529 226
10530 210
12866 165
15274 243
845 161
2616 152
3409 253
7302 111
9448 96
15819 133
10895 226
185 135
6764 127
13420 208
2746 145
2214 253
1349 153
7041 105
2799 224
5077 165
14017 230
6874 183
9288 239
13576 92
7531 87
10382 255
15754 77
4850 148
3526 203
13569 85
1106 159
14305 124
1736 160
9406 233
13151 253
2833 117
1357 164
9000 196
2776 255
14980 80
8729 250
15097 108
10097 114
2698 113
1271 241
15544 183
12976 200
15927 118
7218 180
13779 199
174 125
14642 175
4296 187
9261 177
9178 33
6167 254
11830 4
15546 140
7975 194
2481 197
11482 119
4626 121
7050 116
14414 158
15735 103
13871 229
11011 104
10317 91
7595 187
3450 150
10096 104
1445 122
2401 255
2661 244
14433 121
6814 249
13249 138
1272 239
15770 86
9042 35
10368 104
2576 117
14429 138
4117 123
15716 120
8961 104
13384 152
3858 122
4863 119
9504 224
640 217
16114 104
5616 133
261 99
6254 133
7882 216
8607 228
11925 252
2019 255
10915 225
3651 189
11606 165
5324 162
3664 255
3104 252
11231 121
12227 171
11433 202
3074 108
2159 243
5777 119
2070 115
11803 248
7480 45
11100 55
11434 211
15387 88
16126 103
4341 160
13583 96
9694 1
12502 232
16073 132
13624 66
408 104
10062 48
6556 252
12614 176
2930 207
2015 253
10951 238
15474 111
549 113
13447 92
15195 128
15144 240
15496 76
8109 170
1402 223
3650 197
10466 113
16229 120
15761 84
6388 128
4323 198
14952 111
15420 132
2593 236
9876 255
9520 160
12466 220
7799 127
11753 178
1669 105
156 102
9888 218
10508 110
11535 105
4552 172
7287 107
6001 135
8485 210
4454 197
14521 244
8477 249
8167 102
13843 91
15182 143
2580 118
11590 235
10193 0
10835 3
8320 103
3754 221
8433 112
10267 247
11635 147
12581 217
16251 102
6754 131
2888 163
13133 166
16019 82
12231 182
145 104
2497 149
4804 131
15994 102
6010 110
15005 114
4976 151
12041 106
7066 255
5285 101
8053 123
7632 211
12914 239
10351 103
859 149
1344 145
15806 125
15690 135
10827 143
11257 118
5700 180
12160 139
1694 114
4500 132
3262 166
9029 251
15438 137
13416 199
13229 73
2670 225
8292 85
11860 198
9858 105
11332 240
11148 117
8470 255
9777 164
10341 130
4075 188
994 149
3183 218
8905 218
594 159
2840 121
815 128
6045 245
4796 89
9499 255
8717 240
94 139
14703 119
15437 137
15223 112
12145 177
14116 249
3572 191
10220 104
7492 147
4112 122
15580 123
10829 167
14716 94
8004 199
12475 145
6904 126
6713 155
5686 207
7158 122
5063 145
2937 163
11720 231
1557 112
4518 236
14560 120
4763 254
641 98
16355 125
11304 203
12125 202
3158 254
13254 136
4351 134
16038 226
6486 172
11764 148
1984 151
2649 254
4318 216
10692 250
4304 217
11990 199
8975 255
6450 218
13135 192
4754 125
1228 163
8174 97
12738 170
1579 255
6198 214
5088 152
317 138
10019 218
13733 251
5217 156
6733 179
16062 126
10767 243
13880 144
12712 220
8315 101
9105 255
14935 138
904 105
6968 100
3400 183
4685 170
10603 110
2456 116
7403 98
9806 49
15377 83
6691 252
10906 253
5451 161
1066 123
1667 102
3087 117
5764 111
10087 102
12633 204
5901 119
6999 173
116 145
4928 116
6794 117
4544 121
8585 113
5244 131
7417 106
2260 187
13810 134
3420 241
10712 17
15348 112
16000 98
2057 112
8093 244
3727 119
10098 113
7110 162
4583 183
11953 179
4294 178
8353 233
14401 134
1855 146
13425 186
6052 220
4609 108
10830 145
8805 93
13430 183
14142 169
346 150
11407 157
1370 155
1456 192
13867 248
13993 247
6462 59
6985 159
2506 161
2224 215
1466 140
7108 149
12940 100
3950 191
9224 113
3865 138
12680 100
7893 199
5269 145
12246 221
5366 133
12390 182
9533 217
14108 255
1902 244
16263 74
14438 115
6110 138
10301 210
8022 169
10893 141
14113 233
4866 108
14684 133
12916 232
13250 128
7731 163
5535 193
11369 154
520 99
9410 247
2864 224
2216 252
488 148
9850 103
15521 160
327 155
5131 116
433 130
12992 172
601 152
2485 174
8637 175
8706 105
7045 111
2883 155
8722 255
3645 225
312 134
14688 120
15186 141
3029 255
10707 4
1412 103
10380 141
31 103
12668 176
8830 102
7486 15
8681 94
1355 163
11284 251
12198 243
4508 253
3212 116
3663 252
7819 117
13877 176
2678 193
3530 251
7 97
1981 147
5913 255
1269 248
5719 137
14633 234
1695 114
4130 255
4768 254
13156 248
13514 193
16191 123
14373 244
8450 104
8197 109
5541 182
3075 109
3232 253
9831 100
1594 142
10401 226
15503 83
9513 208
3726 119
13911 163
5765 111
6464 174
320 142
7207 222
5741 152
6427 255
3264 168
6138 131
16328 128
4415 141
11628 147
3238 234
10520 254
11771 150
3928 237
11801 251
1629 169
13585 100
10068 1
14813 124
14823 111
4907 139
12042 108
4861 129
1876 164
13861 250
7330 241
5642 117
15191 136
4878 119
13653 176
4958 181
12275 174
15408 164
5179 132
8052 110
9526 165
10681 164
6090 176
11536 165
14946 111
6791 113
7208 198
15547 127
4890 255
13931 128
4720 148
400 104
6882 101
4551 164
8645 246
10262 254
15226 105
13602 252
2928 222
12882 193
12523 215
6488 149
8144 205
15944 128
10000 254
15049 139
11473 141
3785 249
8658 167
2659 249
12873 187
1278 216
5331 148
4196 195
14491 213
9039 70
3191 192
9225 113
10834 25
7766 198
10146 214
11495 159
12489 195
15351 109
13517 229
4556 182
7135 122
4486 114
12910 240
10057 136
6453 227
15230 94
4916 84
2509 162
1001 156
9271 182
10661 218
13625 78
526 102
10384 252
8879 168
7491 148
7937 103
2078 115
9946 2
13255 146
12316 246
9148 199
9624 255
1977 158
13668 177
8106 185
7821 113
603 148
11330 227
4603 141
5905 121
3108 247
7056 255
5558 200
15948 131
13174 247
3146 158
2821 111
14387 223
7359 23
10592 76
6909 119
15979 116
11162 253
14814 121
14500 230
5899 119
2543 240
14119 250
9557 2
5551 197
16349 126
9516 185
4448 210
694 136
9655 167
4903 155
15011 251
2546 221
12409 184
5139 127
13298 238
943 129
152 103
5992 139
7723 189
11221 107
11556 226
2417 231
14940 129
1386 252
11993 216
3660 255
10670 174
16041 253
7871 50
14117 252
9443 109
7228 6
8663 135
14160 161
1738 163
547 111
4280 220
1939 116
2896 249
3052 218
12528 195
11452 57
7424 108
15574 129
3894 213
14228 91
7674 97
4999 113
14927 147
10063 6
14114 253
12149 164
1745 165
1795 102
5178 131
11816 210
1994 165
12108 207
10326 0
3324 155
10338 103
2294 212
6244 118
11641 144
4464 158
16187 122
13103 150
944 132
6525 99
2470 255
3586 110
14244 252
5618 131
11152 245
13665 203
14504 241
5695 167
1100 162
12487 191
5341 160
13168 251
2334 124
8425 83
9171 21
3258 161
12642 240
2830 115
1068 128
4124 251
16305 123
1568 114
2808 186
8526 191
5588 141
7271 111
8077 148
3749 246
8124 71
11897 156
8180 119
15403 220
12537 180
15530 247
14805 140
12997 164
16053 126
6921 113
9581 80
4549 154
15878 74
16232 117
14754 255
9861 111
11934 240
14020 237
7442 253
4456 189
14081 80
337 159
6623 113
1214 145
7927 130
9425 2
1662 198
614 148
91 144
13579 94
11976 182
12448 240
8382 163
1780 237
6683 255
14589 96
10026 177
6835 195
12154 170
2656 251
15891 83
10417 159
13717 116
2441 111
5012 122
9099 114
13417 194
12180 250
4427 184
9062 85
9704 93
1120 146
7126 168
15894 83
10169 166
14378 216
14028 215
2291 226
9966 94
2319 117
801 110
13439 188
3168 228
14527 182
11036 250
533 106
12432 105
6790 112
4784 175
3511 202
2550 206
10009 253
15043 172
12496 210
9125 232
7795 109
38 111
15705 127
384 226
266 99
11634 151
13224 66
4802 121
11203 239
10218 119
15464 116
14057 125
6774 125
3090 120
538 103
4201 204
15434 138
6098 177
1029 102
