128
128
90
94
94
94
97
98
97
97
97
96
100
102
100
100
102
102
103
104
104
103
102
102
102
103
103
103
103
102
100
101
103
105
105
106
107
108
110
111
113
114
116
119
120
120
123
125
124
124
128
127
130
132
131
132
133
131
134
136
137
136
136
136
138
140
138
142
147
147
147
150
153
155
157
155
154
155
157
158
157
155
153
153
153
152
150
150
149
147
146
146
144
142
140
139
139
141
148
149
147
145
146
148
150
151
154
151
160
152
160
154
154
146
149
140
144
145
141
143
143
138
138
139
160
177
190
208
221
229
92
95
95
95
98
99
98
99
99
98
100
103
102
102
103
103
104
104
104
103
102
102
103
103
104
104
103
102
102
103
104
105
105
106
108
109
110
112
114
115
117
120
121
121
123
125
125
126
127
128
131
133
133
133
134
132
135
137
138
138
137
138
140
141
139
144
147
148
148
151
154
155
158
157
156
156
157
158
156
155
155
154
155
155
153
151
150
148
148
148
146
143
142
140
140
142
147
148
147
146
147
148
149
150
151
154
154
161
154
160
152
154
150
153
149
141
139
143
148
149
161
179
207
223
231
235
231
231
94
96
96
96
99
100
100
100
101
99
100
102
102
103
104
103
105
104
104
104
103
103
103
103
105
104
103
103
103
105
105
106
107
108
109
110
111
113
115
116
117
121
122
123
124
125
126
127
128
129
132
133
133
134
135
134
136
138
139
138
138
139
141
142
142
145
148
149
150
153
155
155
158
158
158
158
158
158
157
157
159
157
157
158
156
152
151
151
151
150
147
145
143
141
141
144
148
149
149
148
149
149
148
148
150
155
155
162
157
160
155
156
155
154
149
154
158
160
176
188
208
225
242
245
245
240
229
226
96
97
97
98
100
101
100
100
100
99
100
101
102
102
104
104
106
105
105
105
105
105
104
104
104
104
103
103
104
105
106
106
108
109
110
112
113
115
116
118
118
121
122
123
125
125
126
127
130
131
131
131
131
133
136
137
136
138
139
139
139
140
141
141
144
146
148
149
151
154
155
155
157
158
159
160
159
159
159
159
163
159
158
159
156
153
153
154
152
150
148
146
144
142
143
147
150
151
151
150
150
149
148
148
147
150
152
152
157
158
161
158
156
155
161
190
209
219
234
229
243
246
247
242
238
234
228
226
97
97
99
101
101
101
100
99
99
100
101
101
101
102
104
106
107
106
106
106
106
106
105
105
103
103
104
104
104
105
106
107
109
110
111
112
113
115
117
118
119
121
121
123
126
126
126
127
130
132
131
130
131
134
137
138
137
138
139
139
140
141
142
141
145
146
148
149
152
155
156
155
156
158
160
161
160
159
159
159
162
159
159
160
157
154
153
154
152
150
148
146
145
143
144
148
152
153
151
149
149
148
147
147
145
154
153
155
157
161
161
157
168
176
200
241
253
244
250
249
247
244
244
245
238
230
224
217
98
98
100
102
101
100
100
100
100
103
103
103
103
104
106
108
107
108
108
108
107
106
106
106
104
104
105
105
105
106
107
108
109
110
111
112
113
115
117
118
120
121
122
124
127
127
127
128
129
132
132
131
134
136
136
136
138
139
139
140
141
142
142
142
145
147
149
150
152
155
157
156
158
159
161
161
160
159
159
159
160
158
160
162
160
156
154
153
152
150
148
148
147
144
145
150
151
152
150
147
147
147
147
147
148
154
154
152
163
165
179
179
205
228
241
247
248
245
250
253
249
241
237
237
228
221
225
222
98
98
101
103
100
99
101
102
103
106
105
104
106
107
107
108
108
109
110
109
108
107
107
108
106
106
106
107
108
108
108
108
110
111
112
113
115
116
118
119
122
123
124
126
128
128
128
130
130
133
133
